1062bt	Escherichia_albertii_DNA_complete_genome_strain_EC06_170	genome	-	NZ_AP014857.1	t_pro_shob_ohsc_sr	NaN - rows are merged	tblastn	NaN - rows are merged	2658678	2658601	78	1	26	26	4657167
11607bat	Escherichia_albertii_DNA_complete_genome_strain_EC06_170	genome	+	NZ_AP014857.1	at_nt_shob_ohsc_sr	NaN - rows are merged	blastn	NaN - rows are merged	2659012	2659076	65	1	67	67	4657167
10974bt	Escherichia_albertii_DNA_complete_genome_strain_NIAH_Bird_3	genome	-	NZ_AP014855.1	t_nt_shob_ohsc_sr	NaN - rows are merged	blastn	NaN - rows are merged	2528889	2528809	81	1	81	81	4560575
1545bt	Escherichia_albertii_DNA_complete_genome_strain_NIAH_Bird_3	genome	-	NZ_AP014855.1	t_pro_shob_ohsc_sr	NaN - rows are merged	tblastn	NaN - rows are merged	2528889	2528812	78	1	26	26	4560575
11722bat	Escherichia_albertii_DNA_complete_genome_strain_NIAH_Bird_3	genome	+	NZ_AP014855.1	at_nt_shob_ohsc_sr	NaN - rows are merged	blastn	NaN - rows are merged	2529212	2529288	77	1	77	77	4560575
12227bat	Escherichia_albertii_KF1_complete_genome	genome	-	NZ_CP007025.1	at_nt_shob_ohsc_sr	NaN - rows are merged	blastn	NaN - rows are merged	3604324	3604248	77	1	76	76	4701875
1024bt	Escherichia_albertii_KF1_complete_genome	genome	+	NZ_CP007025.1	t_pro_shob_ohsc_sr	NaN - rows are merged	tblastn	NaN - rows are merged	3604647	3604724	78	1	26	26	4701875
12222bat	Escherichia_albertii_strain_05_3106_chromosome_complete_genome	genome	-	NZ_CP030778.2	at_nt_shob_ohsc_sr	NaN - rows are merged	blastn	NaN - rows are merged	4130731	4130656	76	1	76	76	4719735
10976bt	Escherichia_albertii_strain_05_3106_chromosome_complete_genome	genome	+	NZ_CP030778.2	t_nt_shob_ohsc_sr	NaN - rows are merged	blastn	NaN - rows are merged	4131054	4131134	81	1	81	81	4719735
1544bt	Escherichia_albertii_strain_05_3106_chromosome_complete_genome	genome	+	NZ_CP030778.2	t_pro_shob_ohsc_sr	NaN - rows are merged	tblastn	NaN - rows are merged	4131054	4131131	78	1	26	26	4719735
12226bat	Escherichia_albertii_strain_06_3542_chromosome_complete_genome	genome	-	NZ_CP034162.1	at_nt_shob_ohsc_sr	NaN - rows are merged	blastn	NaN - rows are merged	114837	114761	77	1	76	76	4709095
1015bt	Escherichia_albertii_strain_06_3542_chromosome_complete_genome	genome	+	NZ_CP034162.1	t_pro_shob_ohsc_sr	NaN - rows are merged	tblastn	NaN - rows are merged	115160	115237	78	1	26	26	4709095
1542bt	Escherichia_albertii_strain_07_3866_chromosome_complete_genome	genome	-	NZ_CP030781.1	t_pro_shob_ohsc_sr	NaN - rows are merged	tblastn	NaN - rows are merged	2607238	2607161	78	1	26	26	4940006
11729bat	Escherichia_albertii_strain_07_3866_chromosome_complete_genome	genome	+	NZ_CP030781.1	at_nt_shob_ohsc_sr	NaN - rows are merged	blastn	NaN - rows are merged	2607560	2607636	77	1	77	77	4940006
1061bt	Escherichia_albertii_strain_1551_2_chromosome_complete_genome	genome	-	NZ_CP025317.1	t_pro_shob_ohsc_sr	NaN - rows are merged	tblastn	NaN - rows are merged	2643856	2643779	78	1	26	26	4730877
11610bat	Escherichia_albertii_strain_1551_2_chromosome_complete_genome	genome	+	NZ_CP025317.1	at_nt_shob_ohsc_sr	NaN - rows are merged	blastn	NaN - rows are merged	2644190	2644255	66	1	67	67	4730877
1434bt	Escherichia_albertii_strain_2012EL_1823B_chromosome_complete_genome	genome	-	NZ_CP030783.2	t_pro_shob_ohsc_sr	NaN - rows are merged	tblastn	NaN - rows are merged	2855965	2855888	78	1	26	26	4809821
11728bat	Escherichia_albertii_strain_2012EL_1823B_chromosome_complete_genome	genome	+	NZ_CP030783.2	at_nt_shob_ohsc_sr	NaN - rows are merged	blastn	NaN - rows are merged	2856288	2856364	77	1	77	77	4809821
1019bt	Escherichia_albertii_strain_2013C_4143_chromosome_complete_genome	genome	-	NZ_CP030787.2	t_pro_shob_ohsc_sr	NaN - rows are merged	tblastn	NaN - rows are merged	3362889	3362812	78	1	26	26	4659709
13267bat	Escherichia_albertii_strain_2013C_4143_chromosome_complete_genome	genome	+	NZ_CP030787.2	at_nt_shob_ohsc_sr	NaN - rows are merged	blastn	NaN - rows are merged	3363223	3363286	64	1	66	66	4659709
12275bat	Escherichia_albertii_strain_2014C_4356_chromosome_complete_genome	genome	-	NZ_CP024282.1	at_nt_shob_ohsc_sr	NaN - rows are merged	blastn	NaN - rows are merged	2762353	2762289	65	12	76	76	4852165
1543bt	Escherichia_albertii_strain_2014C_4356_chromosome_complete_genome	genome	+	NZ_CP024282.1	t_pro_shob_ohsc_sr	NaN - rows are merged	tblastn	NaN - rows are merged	2762687	2762764	78	1	26	26	4852165
12274bat	Escherichia_albertii_strain_ChinaSP140150_chromosome_complete_genome	genome	-	NZ_CP025676.1	at_nt_shob_ohsc_sr	NaN - rows are merged	blastn	NaN - rows are merged	1213767	1213703	65	12	76	76	4881553
1060bt	Escherichia_albertii_strain_ChinaSP140150_chromosome_complete_genome	genome	+	NZ_CP025676.1	t_pro_shob_ohsc_sr	NaN - rows are merged	tblastn	NaN - rows are merged	1214101	1214178	78	1	26	26	4881553
11828bat	Escherichia_albertii_strain_NCTC_9362_chromosome_complete_genome	genome	-	NZ_CP034213.1	at_nt_shob_ohsc_sr	NaN - rows are merged	blastn	NaN - rows are merged	4181315	4181239	77	1	67	67	4551125
10975bt	Escherichia_albertii_strain_NCTC_9362_chromosome_complete_genome	genome	+	NZ_CP034213.1	t_nt_shob_ohsc_sr	NaN - rows are merged	blastn	NaN - rows are merged	4181638	4181718	81	1	81	81	4551125
1546bt	Escherichia_albertii_strain_NCTC_9362_chromosome_complete_genome	genome	+	NZ_CP034213.1	t_pro_shob_ohsc_sr	NaN - rows are merged	tblastn	NaN - rows are merged	4181638	4181715	78	1	26	26	4551125
10065bt	Escherichia_coli_0127_H6_E2348_69_complete_genome_strain_E2348_69	genome	-	NC_011601.1	t_nt_shob_ohsc_sr	NaN - rows are merged	blastn	NaN - rows are merged	2929861	2929781	81	1	81	81	4965553
11810bat	Escherichia_coli_0127_H6_E2348_69_complete_genome_strain_E2348_69	genome	+	NC_011601.1	at_nt_shob_ohsc_sr	NaN - rows are merged	blastn	NaN - rows are merged	2930196	2930261	66	1	67	67	4965553
1204bt	Escherichia_coli_042_complete_genome	genome	-	NC_017626.1	t_pro_shob_ohsc_sr	NaN - rows are merged	tblastn	NaN - rows are merged	2954705	2954628	78	1	26	26	5241977
10609bat	Escherichia_coli_042_complete_genome	genome	+	NC_017626.1	at_nt_shob_ohsc_sr	NaN - rows are merged	blastn	NaN - rows are merged	2955028	2955104	77	1	76	76	5241977
1321bt	Escherichia_coli_1303_complete_genome	genome	-	NZ_CP009166.1	t_pro_shob_ohsc_sr	NaN - rows are merged	tblastn	NaN - rows are merged	2891172	2891095	78	1	26	26	4948797
10522bat	Escherichia_coli_1303_complete_genome	genome	+	NZ_CP009166.1	at_nt_shob_ohsc_sr	NaN - rows are merged	blastn	NaN - rows are merged	2891495	2891571	77	1	77	77	4948797
10081bt	Escherichia_coli_536_complete_genome	genome	-	NC_008253.1	t_nt_shob_ohsc_sr	NaN - rows are merged	blastn	NaN - rows are merged	2705612	2705532	81	1	81	81	4938920
11826bat	Escherichia_coli_536_complete_genome	genome	+	NC_008253.1	at_nt_shob_ohsc_sr	NaN - rows are merged	blastn	NaN - rows are merged	2705947	2706012	66	1	67	67	4938920
1230bt	Escherichia_coli_55989_chromosome_complete_genome	genome	-	NC_011748.1	t_pro_shob_ohsc_sr	NaN - rows are merged	tblastn	NaN - rows are merged	2923434	2923357	78	1	26	26	5154862
10521bat	Escherichia_coli_55989_chromosome_complete_genome	genome	+	NC_011748.1	at_nt_shob_ohsc_sr	NaN - rows are merged	blastn	NaN - rows are merged	2923757	2923833	77	1	77	77	5154862
10080bt	Escherichia_coli_ABU_83972_complete_genome	genome	-	NC_017631.1	t_nt_shob_ohsc_sr	NaN - rows are merged	blastn	NaN - rows are merged	2933703	2933623	81	1	81	81	5131397
11825bat	Escherichia_coli_ABU_83972_complete_genome	genome	+	NC_017631.1	at_nt_shob_ohsc_sr	NaN - rows are merged	blastn	NaN - rows are merged	2934038	2934103	66	1	67	67	5131397
1333bt	Escherichia_coli_ACN001_complete_genome	genome	-	NZ_CP007442.1	t_pro_shob_ohsc_sr	NaN - rows are merged	tblastn	NaN - rows are merged	2751284	2751207	78	1	26	26	4936576
10520bat	Escherichia_coli_ACN001_complete_genome	genome	+	NZ_CP007442.1	at_nt_shob_ohsc_sr	NaN - rows are merged	blastn	NaN - rows are merged	2751607	2751683	77	1	77	77	4936576
10079bt	Escherichia_coli_APEC_IMT5155_complete_genome	genome	-	NZ_CP005930.1	t_nt_shob_ohsc_sr	NaN - rows are merged	blastn	NaN - rows are merged	738065	737985	81	1	81	81	4929051
11824bat	Escherichia_coli_APEC_IMT5155_complete_genome	genome	+	NZ_CP005930.1	at_nt_shob_ohsc_sr	NaN - rows are merged	blastn	NaN - rows are merged	738400	738465	66	1	67	67	4929051
10078bt	Escherichia_coli_APEC_O18_complete_genome	genome	-	NZ_CP006830.1	t_nt_shob_ohsc_sr	NaN - rows are merged	blastn	NaN - rows are merged	1749994	1749914	81	1	81	81	5006568
11823bat	Escherichia_coli_APEC_O18_complete_genome	genome	+	NZ_CP006830.1	at_nt_shob_ohsc_sr	NaN - rows are merged	blastn	NaN - rows are merged	1750329	1750394	66	1	67	67	5006568
10077bt	Escherichia_coli_APEC_O1_complete_genome	genome	-	NC_008563.1	t_nt_shob_ohsc_sr	NaN - rows are merged	blastn	NaN - rows are merged	2854277	2854197	81	1	81	81	5082025
11822bat	Escherichia_coli_APEC_O1_complete_genome	genome	+	NC_008563.1	at_nt_shob_ohsc_sr	NaN - rows are merged	blastn	NaN - rows are merged	2854612	2854677	66	1	67	67	5082025
18524bt	Escherichia_coli_APEC_O2_211_chromosome_complete_genome	genome	-	NZ_CP006834.2	t_nt_shob_ohsc_sr	NaN - rows are merged	blastn	NaN - rows are merged	3853757	3853677	81	1	81	81	5114241
11594bat	Escherichia_coli_APEC_O2_211_chromosome_complete_genome	genome	+	NZ_CP006834.2	at_nt_shob_ohsc_sr	NaN - rows are merged	blastn	NaN - rows are merged	3854092	3854158	67	1	67	67	5114241
1446bt	Escherichia_coli_APEC_O78_complete_genome	genome	-	NC_020163.1	t_pro_shob_ohsc_sr	NaN - rows are merged	tblastn	NaN - rows are merged	3444716	3444639	78	1	26	26	4798435
12585bat	Escherichia_coli_APEC_O78_complete_genome	genome	+	NC_020163.1	at_nt_shob_ohsc_sr	NaN - rows are merged	blastn	NaN - rows are merged	3445039	3445112	74	1	75	75	4798435
10076bt	Escherichia_coli_ATCC_25922_complete_genome	genome	-	NZ_CP009072.1	t_nt_shob_ohsc_sr	NaN - rows are merged	blastn	NaN - rows are merged	504343	504263	81	1	81	81	5130767
11821bat	Escherichia_coli_ATCC_25922_complete_genome	genome	+	NZ_CP009072.1	at_nt_shob_ohsc_sr	NaN - rows are merged	blastn	NaN - rows are merged	504678	504743	66	1	67	67	5130767
10519bat	Escherichia_coli_ATCC_8739_complete_genome	genome	-	NC_010468.1	at_nt_shob_ohsc_sr	NaN - rows are merged	blastn	NaN - rows are merged	1212403	1212327	77	1	77	77	4746218
1477bt	Escherichia_coli_ATCC_8739_complete_genome	genome	+	NC_010468.1	t_pro_shob_ohsc_sr	NaN - rows are merged	tblastn	NaN - rows are merged	1212726	1212803	78	1	26	26	4746218
10518bat	Escherichia_coli_B7A_complete_genome	genome	-	NZ_CP005998.1	at_nt_shob_ohsc_sr	NaN - rows are merged	blastn	NaN - rows are merged	4338932	4338856	77	1	77	77	4944397
1323bt	Escherichia_coli_B7A_complete_genome	genome	+	NZ_CP005998.1	t_pro_shob_ohsc_sr	NaN - rows are merged	tblastn	NaN - rows are merged	4339255	4339332	78	1	26	26	4944397
10041bt	Escherichia_coli_BH100L_substr_MG2017_complete_genome	genome	-	NZ_CP025716.1	t_nt_shob_ohsc_sr	NaN - rows are merged	blastn	NaN - rows are merged	2742753	2742673	81	1	81	81	5033214
11720bat	Escherichia_coli_BH100L_substr_MG2017_complete_genome	genome	+	NZ_CP025716.1	at_nt_shob_ohsc_sr	NaN - rows are merged	blastn	NaN - rows are merged	2743088	2743153	66	1	67	67	5033214
10040bt	Escherichia_coli_BH100N_substr_MG2017_complete_genome	genome	-	NZ_CP025703.1	t_nt_shob_ohsc_sr	NaN - rows are merged	blastn	NaN - rows are merged	2845737	2845657	81	1	81	81	5116034
11719bat	Escherichia_coli_BH100N_substr_MG2017_complete_genome	genome	+	NZ_CP025703.1	at_nt_shob_ohsc_sr	NaN - rows are merged	blastn	NaN - rows are merged	2846072	2846137	66	1	67	67	5116034
10405bt	Escherichia_coli_BW25113_complete_genome	genome	-	NZ_CP037857.1	t_nt_shob_ohsc_sr	NaN - rows are merged	blastn	NaN - rows are merged	2693218	2693138	81	1	81	81	4624857
10323bat	Escherichia_coli_BW25113_complete_genome	genome	+	NZ_CP037857.1	at_nt_shob_ohsc_sr	NaN - rows are merged	blastn	NaN - rows are merged	2693541	2693617	77	1	77	77	4624857
1047bat	Escherichia_coli_BW25113_complete_genome	genome	+	NZ_CP009273.1	at_nt_shob_ohsc_sr	NaN - rows are merged	blastn	NaN - rows are merged	2693879	2693955	77	1	77	77	4631469
10075bt	Escherichia_coli_CFT073_complete_genome	genome	-	NC_004431.1	t_nt_shob_ohsc_sr	NaN - rows are merged	blastn	NaN - rows are merged	2963064	2962984	81	1	81	81	5231428
11820bat	Escherichia_coli_CFT073_complete_genome	genome	+	NC_004431.1	at_nt_shob_ohsc_sr	NaN - rows are merged	blastn	NaN - rows are merged	2963399	2963464	66	1	67	67	5231428
13880bt	Escherichia_coli_DNA_complete_genome_strain_20Ec_P_124	genome	-	NZ_AP017610.1	t_nt_shob_ohsc_sr	NaN - rows are merged	blastn	NaN - rows are merged	2829255	2829175	81	1	81	81	4920828
11588bat	Escherichia_coli_DNA_complete_genome_strain_20Ec_P_124	genome	+	NZ_AP017610.1	at_nt_shob_ohsc_sr	NaN - rows are merged	blastn	NaN - rows are merged	2829590	2829656	67	1	67	67	4920828
1244bt	Escherichia_coli_DNA_complete_genome_strain_MRY15_117	genome	-	NZ_AP017617.1	t_pro_shob_ohsc_sr	NaN - rows are merged	tblastn	NaN - rows are merged	2780116	2780039	78	1	26	26	5117319
10254bt	Escherichia_coli_DNA_complete_genome_strain_MRY15_117	genome	-	NZ_AP017617.1	t_nt_shob_ohsc_sr	NaN - rows are merged	blastn	NaN - rows are merged	2780116	2780036	81	1	81	81	5117319
11663bat	Escherichia_coli_DNA_complete_genome_strain_MRY15_117	genome	+	NZ_AP017617.1	at_nt_shob_ohsc_sr	NaN - rows are merged	blastn	NaN - rows are merged	2780451	2780516	66	1	67	67	5117319
10253bt	Escherichia_coli_DNA_complete_genome_strain_MRY15_131	genome	-	NZ_AP017620.1	t_nt_shob_ohsc_sr	NaN - rows are merged	blastn	NaN - rows are merged	2777044	2776964	81	1	81	81	5042704
1281bt	Escherichia_coli_DNA_complete_genome_strain_MRY15_131	genome	-	NZ_AP017620.1	t_pro_shob_ohsc_sr	NaN - rows are merged	tblastn	NaN - rows are merged	2777044	2776967	78	1	26	26	5042704
11662bat	Escherichia_coli_DNA_complete_genome_strain_MRY15_131	genome	+	NZ_AP017620.1	at_nt_shob_ohsc_sr	NaN - rows are merged	blastn	NaN - rows are merged	2777379	2777444	66	1	67	67	5042704
11819bat	Escherichia_coli_DSM_30083_=_JCM_1649_=_ATCC_11775_chromosome_complete_genome	genome	-	NZ_CP033092.2	at_nt_shob_ohsc_sr	NaN - rows are merged	blastn	NaN - rows are merged	1318198	1318133	66	1	67	67	4903501
10074bt	Escherichia_coli_DSM_30083_=_JCM_1649_=_ATCC_11775_chromosome_complete_genome	genome	+	NZ_CP033092.2	t_nt_shob_ohsc_sr	NaN - rows are merged	blastn	NaN - rows are merged	1318533	1318613	81	1	81	81	4903501
1309bt	Escherichia_coli_E24377A_complete_genome	genome	-	NC_009801.1	t_pro_shob_ohsc_sr	NaN - rows are merged	tblastn	NaN - rows are merged	2850000	2849923	78	1	26	26	4979619
10038bat	Escherichia_coli_E24377A_complete_genome	genome	+	NC_009801.1	at_nt_shob_ohsc_sr	NaN - rows are merged	blastn	NaN - rows are merged	2850323	2850399	77	1	77	77	4979619
104bt	Escherichia_coli_E2855_DNA_complete_genome	genome	-	NZ_AP018796.1	t_pro_shob_ohsc_sr	NaN - rows are merged	tblastn	NaN - rows are merged	3279639	3279562	78	1	26	26	5470440
10352bt	Escherichia_coli_E2855_DNA_complete_genome	genome	-	NZ_AP018796.1	t_nt_shob_ohsc_sr	NaN - rows are merged	blastn	NaN - rows are merged	3279639	3279559	81	1	81	81	5470440
10273bat	Escherichia_coli_E2855_DNA_complete_genome	genome	+	NZ_AP018796.1	at_nt_shob_ohsc_sr	NaN - rows are merged	blastn	NaN - rows are merged	3279962	3280038	77	1	77	77	5470440
10351bt	Escherichia_coli_E2863_DNA_complete_genome	genome	-	NZ_AP018802.1	t_nt_shob_ohsc_sr	NaN - rows are merged	blastn	NaN - rows are merged	3207293	3207213	81	1	81	81	5357442
1168bt	Escherichia_coli_E2863_DNA_complete_genome	genome	-	NZ_AP018802.1	t_pro_shob_ohsc_sr	NaN - rows are merged	tblastn	NaN - rows are merged	3207293	3207216	78	1	26	26	5357442
10272bat	Escherichia_coli_E2863_DNA_complete_genome	genome	+	NZ_AP018802.1	at_nt_shob_ohsc_sr	NaN - rows are merged	blastn	NaN - rows are merged	3207616	3207692	77	1	77	77	5357442
10350bt	Escherichia_coli_E2865_DNA_complete_genome	genome	-	NZ_AP018808.1	t_nt_shob_ohsc_sr	NaN - rows are merged	blastn	NaN - rows are merged	3530322	3530242	81	1	81	81	5678205
1077bt	Escherichia_coli_E2865_DNA_complete_genome	genome	-	NZ_AP018808.1	t_pro_shob_ohsc_sr	NaN - rows are merged	tblastn	NaN - rows are merged	3530322	3530245	78	1	26	26	5678205
10271bat	Escherichia_coli_E2865_DNA_complete_genome	genome	+	NZ_AP018808.1	at_nt_shob_ohsc_sr	NaN - rows are merged	blastn	NaN - rows are merged	3530645	3530721	77	1	77	77	5678205
1440bt	Escherichia_coli_ECC_1470_complete_genome	genome	-	NZ_CP010344.1	t_pro_shob_ohsc_sr	NaN - rows are merged	tblastn	NaN - rows are merged	2796930	2796853	78	1	26	26	4803751
1043bat	Escherichia_coli_ECC_1470_complete_genome	genome	+	NZ_CP010344.1	at_nt_shob_ohsc_sr	NaN - rows are merged	blastn	NaN - rows are merged	2797253	2797329	77	1	77	77	4803751
10952bt	Escherichia_coli_ED1a_chromosome_complete_genome	chromosome	-	NC_011745.1	t_nt_shob_ohsc_sr	NaN - rows are merged	blastn	NaN - rows are merged	2957223	2957143	81	1	81	81	5209548
1143bt	Escherichia_coli_ED1a_chromosome_complete_genome	chromosome	-	NC_011745.1	t_pro_shob_ohsc_sr	NaN - rows are merged	tblastn	NaN - rows are merged	2957223	2957146	78	1	26	26	5209548
10079bat	Escherichia_coli_ED1a_chromosome_complete_genome	chromosome	+	NC_011745.1	at_nt_shob_ohsc_sr	NaN - rows are merged	blastn	NaN - rows are merged	2957558	2957623	66	1	66	66	5209548
1232bt	Escherichia_coli_ETEC_H10407_complete_genome	genome	-	NC_017633.1	t_pro_shob_ohsc_sr	NaN - rows are merged	tblastn	NaN - rows are merged	2995790	2995713	78	1	26	26	5153435
1041bat	Escherichia_coli_ETEC_H10407_complete_genome	genome	+	NC_017633.1	at_nt_shob_ohsc_sr	NaN - rows are merged	blastn	NaN - rows are merged	2996113	2996189	77	1	77	77	5153435
100bt	Escherichia_coli_FAP1_genome	chromosome	-	NZ_CP009578.1	t_pro_shob_ohsc_sr	NaN - rows are merged	tblastn	NaN - rows are merged	3240607	3240530	78	1	26	26	4874804
10934bt	Escherichia_coli_FAP1_genome	chromosome	-	NZ_CP009578.1	t_nt_shob_ohsc_sr	NaN - rows are merged	blastn	NaN - rows are merged	3240607	3240527	81	1	81	81	4874804
10031bat	Escherichia_coli_FAP1_genome	chromosome	+	NZ_CP009578.1	at_nt_shob_ohsc_sr	NaN - rows are merged	blastn	NaN - rows are merged	3240930	3241006	77	1	76	76	4874804
11491bt	Escherichia_coli_HS_complete_genome	genome	-	NC_009800.1	t_nt_shob_ohsc_sr	NaN - rows are merged	blastn	NaN - rows are merged	2738533	2738453	81	1	81	81	4643538
1051bt	Escherichia_coli_HS_complete_genome	genome	-	NC_009800.1	t_pro_shob_ohsc_sr	NaN - rows are merged	tblastn	NaN - rows are merged	2738533	2738456	78	1	26	26	4643538
10562bat	Escherichia_coli_HS_complete_genome	genome	+	NC_009800.1	at_nt_shob_ohsc_sr	NaN - rows are merged	blastn	NaN - rows are merged	2738856	2738932	77	1	76	76	4643538
10287bt	Escherichia_coli_HUSEC2011_complete_genome	genome	-	NZ_HF572917.1	t_nt_shob_ohsc_sr	NaN - rows are merged	blastn	NaN - rows are merged	3092661	3092581	81	1	81	81	5277676
1191bt	Escherichia_coli_HUSEC2011_complete_genome	genome	-	NZ_HF572917.1	t_pro_shob_ohsc_sr	NaN - rows are merged	tblastn	NaN - rows are merged	3092661	3092584	78	1	26	26	5277676
10218bat	Escherichia_coli_HUSEC2011_complete_genome	genome	+	NZ_HF572917.1	at_nt_shob_ohsc_sr	NaN - rows are merged	blastn	NaN - rows are merged	3092984	3093060	77	1	77	77	5277676
1025bt	Escherichia_coli_IAI1_chromosome_complete_genome	genome	-	NC_011741.1	t_pro_shob_ohsc_sr	NaN - rows are merged	tblastn	NaN - rows are merged	2765974	2765897	78	1	26	26	4700560
1040bat	Escherichia_coli_IAI1_chromosome_complete_genome	genome	+	NC_011741.1	at_nt_shob_ohsc_sr	NaN - rows are merged	blastn	NaN - rows are merged	2766297	2766373	77	1	77	77	4700560
12599bt	Escherichia_coli_IAI39_chromosome_complete_genome	genome	-	NC_011750.1	t_nt_shob_ohsc_sr	NaN - rows are merged	blastn	NaN - rows are merged	2874716	2874636	81	1	81	81	5132068
1240bt	Escherichia_coli_IAI39_chromosome_complete_genome	genome	-	NC_011750.1	t_pro_shob_ohsc_sr	NaN - rows are merged	tblastn	NaN - rows are merged	2874716	2874639	78	1	26	26	5132068
11593bat	Escherichia_coli_IAI39_chromosome_complete_genome	genome	+	NC_011750.1	at_nt_shob_ohsc_sr	NaN - rows are merged	blastn	NaN - rows are merged	2875051	2875117	67	1	67	67	5132068
10072bt	Escherichia_coli_IHE3034_complete_genome	genome	-	NC_017628.1	t_nt_shob_ohsc_sr	NaN - rows are merged	blastn	NaN - rows are merged	2996897	2996817	81	1	81	81	5108383
11817bat	Escherichia_coli_IHE3034_complete_genome	genome	+	NC_017628.1	at_nt_shob_ohsc_sr	NaN - rows are merged	blastn	NaN - rows are merged	2997232	2997297	66	1	67	67	5108383
10071bt	Escherichia_coli_JJ1886_complete_genome	genome	-	NC_022648.1	t_nt_shob_ohsc_sr	NaN - rows are merged	blastn	NaN - rows are merged	2875031	2874951	81	1	81	81	5129938
11816bat	Escherichia_coli_JJ1886_complete_genome	genome	+	NC_022648.1	at_nt_shob_ohsc_sr	NaN - rows are merged	blastn	NaN - rows are merged	2875366	2875431	66	1	67	67	5129938
10070bt	Escherichia_coli_JJ1887_complete_genome	genome	-	NZ_CP014316.1	t_nt_shob_ohsc_sr	NaN - rows are merged	blastn	NaN - rows are merged	2873088	2873008	81	1	81	81	5081061
11815bat	Escherichia_coli_JJ1887_complete_genome	genome	+	NZ_CP014316.1	at_nt_shob_ohsc_sr	NaN - rows are merged	blastn	NaN - rows are merged	2873423	2873488	66	1	67	67	5081061
1010bt	Escherichia_coli_KLY_complete_genome	genome	-	NZ_CP008801.1	t_pro_shob_ohsc_sr	NaN - rows are merged	tblastn	NaN - rows are merged	2676719	2676642	78	1	26	26	4718545
1026bat	Escherichia_coli_KLY_complete_genome	genome	+	NZ_CP008801.1	at_nt_shob_ohsc_sr	NaN - rows are merged	blastn	NaN - rows are merged	2677042	2677118	77	1	77	77	4718545
1024bat	Escherichia_coli_KO11FL_complete_genome	genome	-	NC_017660.1	at_nt_shob_ohsc_sr	NaN - rows are merged	blastn	NaN - rows are merged	2123073	2122997	77	1	77	77	5021812
1292bt	Escherichia_coli_KO11FL_complete_genome	genome	+	NC_017660.1	t_pro_shob_ohsc_sr	NaN - rows are merged	tblastn	NaN - rows are merged	2123396	2123473	78	1	26	26	5021812
1025bat	Escherichia_coli_KO11_complete_genome	genome	-	NC_016902.1	at_nt_shob_ohsc_sr	NaN - rows are merged	blastn	NaN - rows are merged	1234238	1234162	77	1	77	77	4920168
1343bt	Escherichia_coli_KO11_complete_genome	genome	+	NC_016902.1	t_pro_shob_ohsc_sr	NaN - rows are merged	tblastn	NaN - rows are merged	1234561	1234638	78	1	26	26	4920168
1478bt	Escherichia_coli_K_12_strain_C3026_complete_genome	genome	-	NZ_CP014272.1	t_pro_shob_ohsc_sr	NaN - rows are merged	tblastn	NaN - rows are merged	2802343	2802266	78	1	26	26	4745255
1039bat	Escherichia_coli_K_12_strain_C3026_complete_genome	genome	+	NZ_CP014272.1	at_nt_shob_ohsc_sr	NaN - rows are merged	blastn	NaN - rows are merged	2802666	2802742	77	1	77	77	4745255
1007bt	Escherichia_coli_K_12_strain_ER3435_complete_genome	genome	-	NZ_CP010445.1	t_pro_shob_ohsc_sr	NaN - rows are merged	tblastn	NaN - rows are merged	3498335	3498258	78	1	26	26	4682086
1036bat	Escherichia_coli_K_12_strain_ER3435_complete_genome	genome	+	NZ_CP010445.1	at_nt_shob_ohsc_sr	NaN - rows are merged	blastn	NaN - rows are merged	3498658	3498734	77	1	77	77	4682086
1017bt	Escherichia_coli_K_12_strain_ER3466_complete_genome	genome	-	NZ_CP010442.1	t_pro_shob_ohsc_sr	NaN - rows are merged	tblastn	NaN - rows are merged	3489737	3489660	78	1	26	26	4660432
1031bat	Escherichia_coli_K_12_strain_ER3466_complete_genome	genome	+	NZ_CP010442.1	at_nt_shob_ohsc_sr	NaN - rows are merged	blastn	NaN - rows are merged	3490060	3490136	77	1	77	77	4660432
10069bt	Escherichia_coli_LF82_chromosome_complete_sequence	genome	-	NC_011993.1	t_nt_shob_ohsc_sr	NaN - rows are merged	blastn	NaN - rows are merged	2677890	2677810	81	1	81	81	4773108
11814bat	Escherichia_coli_LF82_chromosome_complete_sequence	genome	+	NC_011993.1	at_nt_shob_ohsc_sr	NaN - rows are merged	blastn	NaN - rows are merged	2678225	2678290	66	1	67	67	4773108
1411bt	Escherichia_coli_LY180_complete_genome	genome	-	NC_022364.1	t_pro_shob_ohsc_sr	NaN - rows are merged	tblastn	NaN - rows are merged	2775334	2775257	78	1	26	26	4835601
1023bat	Escherichia_coli_LY180_complete_genome	genome	+	NC_022364.1	at_nt_shob_ohsc_sr	NaN - rows are merged	blastn	NaN - rows are merged	2775657	2775733	77	1	77	77	4835601
10078bat	Escherichia_coli_M12_chromosome	chromosome	-	NZ_CP023644.1	at_nt_shob_ohsc_sr	NaN - rows are merged	blastn	NaN - rows are merged	64909	64833	77	1	66	66	4984145
10942bt	Escherichia_coli_M12_chromosome	chromosome	+	NZ_CP023644.1	t_nt_shob_ohsc_sr	NaN - rows are merged	blastn	NaN - rows are merged	65232	65312	81	1	81	81	4984145
1106bt	Escherichia_coli_M12_chromosome	chromosome	+	NZ_CP023644.1	t_pro_shob_ohsc_sr	NaN - rows are merged	tblastn	NaN - rows are merged	65232	65309	78	1	26	26	4984145
1248bt	Escherichia_coli_M8_chromosome_complete_genome	genome	-	NZ_CP019953.1	t_pro_shob_ohsc_sr	NaN - rows are merged	tblastn	NaN - rows are merged	3008224	3008147	78	1	26	26	5108794
10530bat	Escherichia_coli_M8_chromosome_complete_genome	genome	+	NZ_CP019953.1	at_nt_shob_ohsc_sr	NaN - rows are merged	blastn	NaN - rows are merged	3008300	3008375	76	2	77	77	5108794
1176bt	Escherichia_coli_NCCP15648_complete_genome	genome	-	NZ_CP009050.1	t_pro_shob_ohsc_sr	NaN - rows are merged	tblastn	NaN - rows are merged	3198343	3198266	78	1	26	26	5329605
1022bat	Escherichia_coli_NCCP15648_complete_genome	genome	+	NZ_CP009050.1	at_nt_shob_ohsc_sr	NaN - rows are merged	blastn	NaN - rows are merged	3198666	3198742	77	1	77	77	5329605
10067bt	Escherichia_coli_NU14_chromosome_complete_genome	genome	-	NZ_CP019777.1	t_nt_shob_ohsc_sr	NaN - rows are merged	blastn	NaN - rows are merged	2852820	2852740	81	1	81	81	5076615
11812bat	Escherichia_coli_NU14_chromosome_complete_genome	genome	+	NZ_CP019777.1	at_nt_shob_ohsc_sr	NaN - rows are merged	blastn	NaN - rows are merged	2853155	2853220	66	1	67	67	5076615
10068bt	Escherichia_coli_Nissle_1917_complete_genome	genome	-	NZ_CP007799.1	t_nt_shob_ohsc_sr	NaN - rows are merged	blastn	NaN - rows are merged	2935129	2935049	81	1	81	81	5441200
11813bat	Escherichia_coli_Nissle_1917_complete_genome	genome	+	NZ_CP007799.1	at_nt_shob_ohsc_sr	NaN - rows are merged	blastn	NaN - rows are merged	2935464	2935529	66	1	67	67	5441200
110bt	Escherichia_coli_O103_H2_str_12009_DNA_complete_genome	genome	-	NC_013353.1	t_pro_shob_ohsc_sr	NaN - rows are merged	tblastn	NaN - rows are merged	3186946	3186869	78	1	26	26	5449314
1021bat	Escherichia_coli_O103_H2_str_12009_DNA_complete_genome	genome	+	NC_013353.1	at_nt_shob_ohsc_sr	NaN - rows are merged	blastn	NaN - rows are merged	3187269	3187345	77	1	77	77	5449314
105bt	Escherichia_coli_O103_str_RM8385_chromosome_complete_genome	genome	-	NZ_CP028112.1	t_pro_shob_ohsc_sr	NaN - rows are merged	tblastn	NaN - rows are merged	3403084	3403007	78	1	26	26	5631913
1020bat	Escherichia_coli_O103_str_RM8385_chromosome_complete_genome	genome	+	NZ_CP028112.1	at_nt_shob_ohsc_sr	NaN - rows are merged	blastn	NaN - rows are merged	3403407	3403483	77	1	77	77	5631913
1372bt	Escherichia_coli_O104_H21_str_CFSAN002236_chromosome_complete_genome	genome	-	NZ_CP023541.1	t_pro_shob_ohsc_sr	NaN - rows are merged	tblastn	NaN - rows are merged	3596439	3596362	78	1	26	26	4884467
1019bat	Escherichia_coli_O104_H21_str_CFSAN002236_chromosome_complete_genome	genome	+	NZ_CP023541.1	at_nt_shob_ohsc_sr	NaN - rows are merged	blastn	NaN - rows are merged	3596762	3596838	77	1	77	77	4884467
1018bat	Escherichia_coli_O104_H4_str_2009EL_2050_complete_genome	genome	-	NC_018650.1	at_nt_shob_ohsc_sr	NaN - rows are merged	blastn	NaN - rows are merged	1362887	1362811	77	1	77	77	5253138
1202bt	Escherichia_coli_O104_H4_str_2009EL_2050_complete_genome	genome	+	NC_018650.1	t_pro_shob_ohsc_sr	NaN - rows are merged	tblastn	NaN - rows are merged	1363210	1363287	78	1	26	26	5253138
1017bat	Escherichia_coli_O104_H4_str_2009EL_2071_complete_genome	genome	-	NC_018661.1	at_nt_shob_ohsc_sr	NaN - rows are merged	blastn	NaN - rows are merged	1352627	1352551	77	1	77	77	5312586
1180bt	Escherichia_coli_O104_H4_str_2009EL_2071_complete_genome	genome	+	NC_018661.1	t_pro_shob_ohsc_sr	NaN - rows are merged	tblastn	NaN - rows are merged	1352950	1353027	78	1	26	26	5312586
1016bat	Escherichia_coli_O104_H4_str_2011C_3493_chromosome_complete_genome	genome	-	NC_018658.1	at_nt_shob_ohsc_sr	NaN - rows are merged	blastn	NaN - rows are merged	1358874	1358798	77	1	77	77	5273097
1194bt	Escherichia_coli_O104_H4_str_2011C_3493_chromosome_complete_genome	genome	+	NC_018658.1	t_pro_shob_ohsc_sr	NaN - rows are merged	tblastn	NaN - rows are merged	1359197	1359274	78	1	26	26	5273097
1013bat	Escherichia_coli_O104_H4_str_C227_11_complete_genome	genome	-	NZ_CP011331.1	at_nt_shob_ohsc_sr	NaN - rows are merged	blastn	NaN - rows are merged	666969	666893	77	1	77	77	5292862
1186bt	Escherichia_coli_O104_H4_str_C227_11_complete_genome	genome	+	NZ_CP011331.1	t_pro_shob_ohsc_sr	NaN - rows are merged	tblastn	NaN - rows are merged	667292	667369	78	1	26	26	5292862
1200bt	Escherichia_coli_O104_H4_strain_FDAARGOS_348_chromosome_complete_genome	genome	-	NZ_CP022086.2	t_pro_shob_ohsc_sr	NaN - rows are merged	tblastn	NaN - rows are merged	2599764	2599687	78	1	26	26	5256950
1015bat	Escherichia_coli_O104_H4_strain_FDAARGOS_348_chromosome_complete_genome	genome	+	NZ_CP022086.2	at_nt_shob_ohsc_sr	NaN - rows are merged	blastn	NaN - rows are merged	2600087	2600163	77	1	77	77	5256950
1193bt	Escherichia_coli_O104_H4_strain_FDAARGOS_349_chromosome_complete_genome	genome	-	NZ_CP027394.1	t_pro_shob_ohsc_sr	NaN - rows are merged	tblastn	NaN - rows are merged	1677573	1677496	78	1	26	26	5277316
1014bat	Escherichia_coli_O104_H4_strain_FDAARGOS_349_chromosome_complete_genome	genome	+	NZ_CP027394.1	at_nt_shob_ohsc_sr	NaN - rows are merged	blastn	NaN - rows are merged	1677896	1677972	77	1	77	77	5277316
10122bat	Escherichia_coli_O104_H4_strain_LB226692_chromosome	chromosome	-	NZ_CP024992.1	at_nt_shob_ohsc_sr	NaN - rows are merged	blastn	NaN - rows are merged	2861629	2861553	77	2	66	66	5299262
10933bt	Escherichia_coli_O104_H4_strain_LB226692_chromosome	chromosome	+	NZ_CP024992.1	t_nt_shob_ohsc_sr	NaN - rows are merged	blastn	NaN - rows are merged	2861952	2862032	81	1	81	81	5299262
1091bt	Escherichia_coli_O104_H4_strain_LB226692_chromosome	chromosome	+	NZ_CP024992.1	t_pro_shob_ohsc_sr	NaN - rows are merged	tblastn	NaN - rows are merged	2861952	2862029	78	1	26	26	5299262
1162bt	Escherichia_coli_O111_H_str_11128_DNA_complete_genome	genome	-	NC_013364.1	t_pro_shob_ohsc_sr	NaN - rows are merged	tblastn	NaN - rows are merged	3260779	3260702	78	1	26	26	5371077
1012bat	Escherichia_coli_O111_H_str_11128_DNA_complete_genome	genome	+	NC_013364.1	at_nt_shob_ohsc_sr	NaN - rows are merged	blastn	NaN - rows are merged	3261102	3261178	77	1	77	77	5371077
1216bt	Escherichia_coli_O111_str_RM9322_chromosome_complete_genome	genome	-	NZ_CP028117.1	t_pro_shob_ohsc_sr	NaN - rows are merged	tblastn	NaN - rows are merged	3080071	3079994	78	1	26	26	5198840
1011bat	Escherichia_coli_O111_str_RM9322_chromosome_complete_genome	genome	+	NZ_CP028117.1	at_nt_shob_ohsc_sr	NaN - rows are merged	blastn	NaN - rows are merged	3080394	3080470	77	1	77	77	5198840
1317bt	Escherichia_coli_O114_H49_strain_90_9280_chromosome_complete_genome	genome	-	NZ_CP024240.1	t_pro_shob_ohsc_sr	NaN - rows are merged	tblastn	NaN - rows are merged	1784711	1784634	78	1	26	26	4966338
1010bat	Escherichia_coli_O114_H49_strain_90_9280_chromosome_complete_genome	genome	+	NZ_CP024240.1	at_nt_shob_ohsc_sr	NaN - rows are merged	blastn	NaN - rows are merged	1785034	1785110	77	1	77	77	4966338
1009bat	Escherichia_coli_O121_H19_strain_16_9255_chromosome_complete_genome	genome	-	NZ_CP022407.1	at_nt_shob_ohsc_sr	NaN - rows are merged	blastn	NaN - rows are merged	5147211	5147135	77	1	77	77	5397521
1155bt	Escherichia_coli_O121_H19_strain_16_9255_chromosome_complete_genome	genome	+	NZ_CP022407.1	t_pro_shob_ohsc_sr	NaN - rows are merged	tblastn	NaN - rows are merged	5147534	5147611	78	1	26	26	5397521
10040bat	Escherichia_coli_O121_str_RM8352_chromosome_complete_genome	genome	-	NZ_CP028110.1	at_nt_shob_ohsc_sr	NaN - rows are merged	blastn	NaN - rows are merged	3703739	3703663	77	1	77	77	5391064
1156bt	Escherichia_coli_O121_str_RM8352_chromosome_complete_genome	genome	+	NZ_CP028110.1	t_pro_shob_ohsc_sr	NaN - rows are merged	tblastn	NaN - rows are merged	3704062	3704139	78	1	26	26	5391064
10066bt	Escherichia_coli_O127_H6_isolate_EPEC_E2348_69_variety_2_genome_assembly_chromosome_1	genome	-	NZ_LT827011.1	t_nt_shob_ohsc_sr	NaN - rows are merged	blastn	NaN - rows are merged	2889074	2888994	81	1	81	81	4848621
11811bat	Escherichia_coli_O127_H6_isolate_EPEC_E2348_69_variety_2_genome_assembly_chromosome_1	genome	+	NZ_LT827011.1	at_nt_shob_ohsc_sr	NaN - rows are merged	blastn	NaN - rows are merged	2889409	2889474	66	1	67	67	4848621
10039bat	Escherichia_coli_O128_H27_strain_90_9281_chromosome_complete_genome	genome	-	NZ_CP024243.1	at_nt_shob_ohsc_sr	NaN - rows are merged	blastn	NaN - rows are merged	3395311	3395235	77	1	77	77	4978613
1310bt	Escherichia_coli_O128_H27_strain_90_9281_chromosome_complete_genome	genome	+	NZ_CP024243.1	t_pro_shob_ohsc_sr	NaN - rows are merged	tblastn	NaN - rows are merged	3395634	3395711	78	1	26	26	4978613
11490bt	Escherichia_coli_O145_H28_str_RM12581_complete_genome	genome	-	NZ_CP007136.1	t_nt_shob_ohsc_sr	NaN - rows are merged	blastn	NaN - rows are merged	3303219	3303139	81	1	81	81	5585611
1039bt	Escherichia_coli_O145_H28_str_RM12581_complete_genome	genome	-	NZ_CP007136.1	t_pro_shob_ohsc_sr	NaN - rows are merged	tblastn	NaN - rows are merged	3303219	3303142	78	1	26	26	5585611
10037bat	Escherichia_coli_O145_H28_str_RM12581_complete_genome	genome	+	NZ_CP007136.1	at_nt_shob_ohsc_sr	NaN - rows are merged	blastn	NaN - rows are merged	3303542	3303618	77	1	77	77	5585611
11489bt	Escherichia_coli_O145_H28_str_RM12761_complete_genome	genome	-	NZ_CP007133.1	t_nt_shob_ohsc_sr	NaN - rows are merged	blastn	NaN - rows are merged	3224236	3224156	81	1	81	81	5402281
1043bt	Escherichia_coli_O145_H28_str_RM12761_complete_genome	genome	-	NZ_CP007133.1	t_pro_shob_ohsc_sr	NaN - rows are merged	tblastn	NaN - rows are merged	3224236	3224159	78	1	26	26	5402281
10036bat	Escherichia_coli_O145_H28_str_RM12761_complete_genome	genome	+	NZ_CP007133.1	at_nt_shob_ohsc_sr	NaN - rows are merged	blastn	NaN - rows are merged	3224559	3224635	77	1	77	77	5402281
11488bt	Escherichia_coli_O145_H28_str_RM13514_complete_genome	genome	-	NZ_CP006027.1	t_nt_shob_ohsc_sr	NaN - rows are merged	blastn	NaN - rows are merged	3303221	3303141	81	1	81	81	5585613
1038bt	Escherichia_coli_O145_H28_str_RM13514_complete_genome	genome	-	NZ_CP006027.1	t_pro_shob_ohsc_sr	NaN - rows are merged	tblastn	NaN - rows are merged	3303221	3303144	78	1	26	26	5585613
10035bat	Escherichia_coli_O145_H28_str_RM13514_complete_genome	genome	+	NZ_CP006027.1	at_nt_shob_ohsc_sr	NaN - rows are merged	blastn	NaN - rows are merged	3303544	3303620	77	1	77	77	5585613
11487bt	Escherichia_coli_O145_H28_str_RM13516_complete_genome	genome	-	NZ_CP006262.1	t_nt_shob_ohsc_sr	NaN - rows are merged	blastn	NaN - rows are merged	3224232	3224152	81	1	81	81	5402276
1044bt	Escherichia_coli_O145_H28_str_RM13516_complete_genome	genome	-	NZ_CP006262.1	t_pro_shob_ohsc_sr	NaN - rows are merged	tblastn	NaN - rows are merged	3224232	3224155	78	1	26	26	5402276
10034bat	Escherichia_coli_O145_H28_str_RM13516_complete_genome	genome	+	NZ_CP006262.1	at_nt_shob_ohsc_sr	NaN - rows are merged	blastn	NaN - rows are merged	3224555	3224631	77	1	77	77	5402276
11486bt	Escherichia_coli_O145_str_RM9872_chromosome_complete_genome	genome	-	NZ_CP028379.1	t_nt_shob_ohsc_sr	NaN - rows are merged	blastn	NaN - rows are merged	3258666	3258586	81	1	81	81	5385924
1045bt	Escherichia_coli_O145_str_RM9872_chromosome_complete_genome	genome	-	NZ_CP028379.1	t_pro_shob_ohsc_sr	NaN - rows are merged	tblastn	NaN - rows are merged	3258666	3258589	78	1	26	26	5385924
10033bat	Escherichia_coli_O145_str_RM9872_chromosome_complete_genome	genome	+	NZ_CP028379.1	at_nt_shob_ohsc_sr	NaN - rows are merged	blastn	NaN - rows are merged	3258989	3259065	77	1	77	77	5385924
1050bt	Escherichia_coli_O157_H16_strain_Santai_complete_genome	genome	-	NZ_CP007592.1	t_pro_shob_ohsc_sr	NaN - rows are merged	tblastn	NaN - rows are merged	3063415	3063338	78	1	26	26	5104557
11485bt	Escherichia_coli_O157_H16_strain_Santai_complete_genome	genome	-	NZ_CP007592.1	t_nt_shob_ohsc_sr	NaN - rows are merged	blastn	NaN - rows are merged	3063415	3063335	81	1	81	81	5104557
10032bat	Escherichia_coli_O157_H16_strain_Santai_complete_genome	genome	+	NZ_CP007592.1	at_nt_shob_ohsc_sr	NaN - rows are merged	blastn	NaN - rows are merged	3063738	3063814	77	1	77	77	5104557
106bt	Escherichia_coli_O157_H7_pv15_279_DNA_complete_genome	genome	-	NZ_AP018488.1	t_pro_shob_ohsc_sr	NaN - rows are merged	tblastn	NaN - rows are merged	3494187	3494110	78	1	26	26	5598155
11797bat	Escherichia_coli_O157_H7_pv15_279_DNA_complete_genome	genome	+	NZ_AP018488.1	at_nt_shob_ohsc_sr	NaN - rows are merged	blastn	NaN - rows are merged	3494522	3494587	66	1	67	67	5598155
1092bt	Escherichia_coli_O157_H7_str_EC4115_complete_genome	genome	-	NC_011353.1	t_pro_shob_ohsc_sr	NaN - rows are merged	tblastn	NaN - rows are merged	3524697	3524620	78	1	26	26	5572075
11794bat	Escherichia_coli_O157_H7_str_EC4115_complete_genome	genome	+	NC_011353.1	at_nt_shob_ohsc_sr	NaN - rows are merged	blastn	NaN - rows are merged	3525032	3525097	66	1	67	67	5572075
1096bt	Escherichia_coli_O157_H7_str_EDL933_complete_genome	genome	-	NZ_CP008957.1	t_pro_shob_ohsc_sr	NaN - rows are merged	tblastn	NaN - rows are merged	3507471	3507394	78	1	26	26	5547323
11793bat	Escherichia_coli_O157_H7_str_EDL933_complete_genome	genome	+	NZ_CP008957.1	at_nt_shob_ohsc_sr	NaN - rows are merged	blastn	NaN - rows are merged	3507806	3507871	66	1	67	67	5547323
1086bt	Escherichia_coli_O157_H7_str_EDL933_genome	chromosome	-	NC_002655.2	t_pro_shob_ohsc_sr	NaN - rows are merged	tblastn	NaN - rows are merged	3490419	3490342	78	1	26	26	5528445
10932bt	Escherichia_coli_O157_H7_str_EDL933_genome	chromosome	-	NC_002655.2	t_nt_shob_ohsc_sr	NaN - rows are merged	blastn	NaN - rows are merged	3490419	3490339	81	1	81	81	5528445
10077bat	Escherichia_coli_O157_H7_str_EDL933_genome	chromosome	+	NC_002655.2	at_nt_shob_ohsc_sr	NaN - rows are merged	blastn	NaN - rows are merged	3490754	3490819	66	1	66	66	5528445
1101bt	Escherichia_coli_O157_H7_str_SS17_complete_genome	genome	-	NZ_CP008805.1	t_pro_shob_ohsc_sr	NaN - rows are merged	tblastn	NaN - rows are merged	3476694	3476617	78	1	26	26	5523849
11791bat	Escherichia_coli_O157_H7_str_SS17_complete_genome	genome	+	NZ_CP008805.1	at_nt_shob_ohsc_sr	NaN - rows are merged	blastn	NaN - rows are merged	3477029	3477094	66	1	67	67	5523849
1114bt	Escherichia_coli_O157_H7_str_SS52_complete_genome	genome	-	NZ_CP010304.1	t_pro_shob_ohsc_sr	NaN - rows are merged	tblastn	NaN - rows are merged	3439966	3439889	78	1	26	26	5488700
11790bat	Escherichia_coli_O157_H7_str_SS52_complete_genome	genome	+	NZ_CP010304.1	at_nt_shob_ohsc_sr	NaN - rows are merged	blastn	NaN - rows are merged	3440301	3440366	66	1	67	67	5488700
1109bt	Escherichia_coli_O157_H7_str_Sakai_DNA_complete_genome	genome	-	NC_002695.2	t_pro_shob_ohsc_sr	NaN - rows are merged	tblastn	NaN - rows are merged	3420715	3420638	78	1	26	26	5498578
11792bat	Escherichia_coli_O157_H7_str_Sakai_DNA_complete_genome	genome	+	NC_002695.2	at_nt_shob_ohsc_sr	NaN - rows are merged	blastn	NaN - rows are merged	3421050	3421115	66	1	67	67	5498578
1099bt	Escherichia_coli_O157_H7_str_TW14359_complete_genome	genome	-	NC_013008.1	t_pro_shob_ohsc_sr	NaN - rows are merged	tblastn	NaN - rows are merged	3479568	3479491	78	1	26	26	5528136
11789bat	Escherichia_coli_O157_H7_str_TW14359_complete_genome	genome	+	NC_013008.1	at_nt_shob_ohsc_sr	NaN - rows are merged	blastn	NaN - rows are merged	3479903	3479968	66	1	67	67	5528136
10048bat	Escherichia_coli_O157_H7_str_TW14588_chromosome_whole_genome_shotgun_sequence	chromosome	-	NZ_CM000662.1	at_nt_shob_ohsc_sr	NaN - rows are merged	blastn	NaN - rows are merged	3351344	3351279	66	13	76	76	5578816
10931bt	Escherichia_coli_O157_H7_str_TW14588_chromosome_whole_genome_shotgun_sequence	chromosome	+	NZ_CM000662.1	t_nt_shob_ohsc_sr	NaN - rows are merged	blastn	NaN - rows are merged	3351679	3351759	81	1	81	81	5578816
1084bt	Escherichia_coli_O157_H7_str_TW14588_chromosome_whole_genome_shotgun_sequence	chromosome	+	NZ_CM000662.1	t_pro_shob_ohsc_sr	NaN - rows are merged	tblastn	NaN - rows are merged	3351679	3351756	78	1	26	26	5578816
11809bat	Escherichia_coli_O157_H7_strain_1130_chromosome_complete_genome	genome	-	NZ_CP017434.1	at_nt_shob_ohsc_sr	NaN - rows are merged	blastn	NaN - rows are merged	1289184	1289119	66	1	67	67	5416383
1143bt	Escherichia_coli_O157_H7_strain_1130_chromosome_complete_genome	genome	+	NZ_CP017434.1	t_pro_shob_ohsc_sr	NaN - rows are merged	tblastn	NaN - rows are merged	1289519	1289596	78	1	26	26	5416383
11808bat	Escherichia_coli_O157_H7_strain_2149_chromosome_complete_genome	genome	-	NZ_CP017436.1	at_nt_shob_ohsc_sr	NaN - rows are merged	blastn	NaN - rows are merged	1287728	1287663	66	1	67	67	5408208
1149bt	Escherichia_coli_O157_H7_strain_2149_chromosome_complete_genome	genome	+	NZ_CP017436.1	t_pro_shob_ohsc_sr	NaN - rows are merged	tblastn	NaN - rows are merged	1288063	1288140	78	1	26	26	5408208
11807bat	Escherichia_coli_O157_H7_strain_2159_chromosome_complete_genome	genome	-	NZ_CP017438.1	at_nt_shob_ohsc_sr	NaN - rows are merged	blastn	NaN - rows are merged	1287946	1287881	66	1	67	67	5416633
1142bt	Escherichia_coli_O157_H7_strain_2159_chromosome_complete_genome	genome	+	NZ_CP017438.1	t_pro_shob_ohsc_sr	NaN - rows are merged	tblastn	NaN - rows are merged	1288281	1288358	78	1	26	26	5416633
11806bat	Escherichia_coli_O157_H7_strain_3384_chromosome_complete_genome	genome	-	NZ_CP017440.1	at_nt_shob_ohsc_sr	NaN - rows are merged	blastn	NaN - rows are merged	1299837	1299772	66	1	67	67	5438591
1132bt	Escherichia_coli_O157_H7_strain_3384_chromosome_complete_genome	genome	+	NZ_CP017440.1	t_pro_shob_ohsc_sr	NaN - rows are merged	tblastn	NaN - rows are merged	1300172	1300249	78	1	26	26	5438591
11805bat	Escherichia_coli_O157_H7_strain_4276_chromosome_complete_genome	genome	-	NZ_CP017442.1	at_nt_shob_ohsc_sr	NaN - rows are merged	blastn	NaN - rows are merged	1286782	1286717	66	1	67	67	5404558
1151bt	Escherichia_coli_O157_H7_strain_4276_chromosome_complete_genome	genome	+	NZ_CP017442.1	t_pro_shob_ohsc_sr	NaN - rows are merged	tblastn	NaN - rows are merged	1287117	1287194	78	1	26	26	5404558
11804bat	Escherichia_coli_O157_H7_strain_8368_chromosome_complete_genome	genome	-	NZ_CP017444.1	at_nt_shob_ohsc_sr	NaN - rows are merged	blastn	NaN - rows are merged	1298319	1298254	66	1	67	67	5437532
1133bt	Escherichia_coli_O157_H7_strain_8368_chromosome_complete_genome	genome	+	NZ_CP017444.1	t_pro_shob_ohsc_sr	NaN - rows are merged	tblastn	NaN - rows are merged	1298654	1298731	78	1	26	26	5437532
11803bat	Escherichia_coli_O157_H7_strain_9234_chromosome_complete_genome	genome	-	NZ_CP017446.1	at_nt_shob_ohsc_sr	NaN - rows are merged	blastn	NaN - rows are merged	1286662	1286597	66	1	67	67	5410617
1148bt	Escherichia_coli_O157_H7_strain_9234_chromosome_complete_genome	genome	+	NZ_CP017446.1	t_pro_shob_ohsc_sr	NaN - rows are merged	tblastn	NaN - rows are merged	1286997	1287074	78	1	26	26	5410617
108bt	Escherichia_coli_O157_H7_strain_C1_057_chromosome_complete_genome	genome	-	NZ_CP035366.1	t_pro_shob_ohsc_sr	NaN - rows are merged	tblastn	NaN - rows are merged	3399563	3399486	78	1	26	26	5452210
14273bat	Escherichia_coli_O157_H7_strain_C1_057_chromosome_complete_genome	genome	+	NZ_CP035366.1	at_nt_shob_ohsc_sr	NaN - rows are merged	blastn	NaN - rows are merged	3399898	3399962	65	1	64	64	5452210
102bt	Escherichia_coli_O157_H7_strain_FRIK2069_complete_genome	genome	-	NZ_CP015846.1	t_pro_shob_ohsc_sr	NaN - rows are merged	tblastn	NaN - rows are merged	3540060	3539983	78	1	26	26	5645226
11802bat	Escherichia_coli_O157_H7_strain_FRIK2069_complete_genome	genome	+	NZ_CP015846.1	at_nt_shob_ohsc_sr	NaN - rows are merged	blastn	NaN - rows are merged	3540395	3540460	66	1	67	67	5645226
101bt	Escherichia_coli_O157_H7_strain_FRIK2455_complete_genome	genome	-	NZ_CP015843.2	t_pro_shob_ohsc_sr	NaN - rows are merged	tblastn	NaN - rows are merged	3540067	3539990	78	1	26	26	5645233
11801bat	Escherichia_coli_O157_H7_strain_FRIK2455_complete_genome	genome	+	NZ_CP015843.2	at_nt_shob_ohsc_sr	NaN - rows are merged	blastn	NaN - rows are merged	3540402	3540467	66	1	67	67	5645233
103bt	Escherichia_coli_O157_H7_strain_FRIK2533_complete_genome	genome	-	NZ_CP015842.1	t_pro_shob_ohsc_sr	NaN - rows are merged	tblastn	NaN - rows are merged	3540049	3539972	78	1	26	26	5645219
11800bat	Escherichia_coli_O157_H7_strain_FRIK2533_complete_genome	genome	+	NZ_CP015842.1	at_nt_shob_ohsc_sr	NaN - rows are merged	blastn	NaN - rows are merged	3540384	3540449	66	1	67	67	5645219
1072bt	Escherichia_coli_O157_H7_strain_FRIK944_complete_genome	genome	-	NZ_CP016625.1	t_pro_shob_ohsc_sr	NaN - rows are merged	tblastn	NaN - rows are merged	3686804	3686727	78	1	26	26	5770602
11799bat	Escherichia_coli_O157_H7_strain_FRIK944_complete_genome	genome	+	NZ_CP016625.1	at_nt_shob_ohsc_sr	NaN - rows are merged	blastn	NaN - rows are merged	3687139	3687204	66	1	67	67	5770602
11798bat	Escherichia_coli_O157_H7_strain_JEONG_1266_complete_genome	genome	-	NZ_CP014314.1	at_nt_shob_ohsc_sr	NaN - rows are merged	blastn	NaN - rows are merged	490310	490245	66	1	67	67	5478683
101bt	Escherichia_coli_O157_H7_strain_JEONG_1266_complete_genome	genome	+	NZ_CP014314.1	t_pro_shob_ohsc_sr	NaN - rows are merged	tblastn	NaN - rows are merged	490645	490722	78	1	26	26	5478683
1093bt	Escherichia_coli_O157_H7_strain_TR01_chromosome_complete_genome	genome	-	NZ_CP033605.1	t_pro_shob_ohsc_sr	NaN - rows are merged	tblastn	NaN - rows are merged	3523562	3523485	78	1	26	26	5569804
11796bat	Escherichia_coli_O157_H7_strain_TR01_chromosome_complete_genome	genome	+	NZ_CP033605.1	at_nt_shob_ohsc_sr	NaN - rows are merged	blastn	NaN - rows are merged	3523897	3523962	66	1	67	67	5569804
1175bt	Escherichia_coli_O157_H7_strain_WS4202_complete_genome	genome	-	NZ_CP012802.1	t_pro_shob_ohsc_sr	NaN - rows are merged	tblastn	NaN - rows are merged	3293079	3293002	78	1	26	26	5332063
11795bat	Escherichia_coli_O157_H7_strain_WS4202_complete_genome	genome	+	NZ_CP012802.1	at_nt_shob_ohsc_sr	NaN - rows are merged	blastn	NaN - rows are merged	3293414	3293479	66	1	67	67	5332063
11788bat	Escherichia_coli_O157_strain_180_PT54_complete_genome	genome	-	NZ_CP015832.1	at_nt_shob_ohsc_sr	NaN - rows are merged	blastn	NaN - rows are merged	1334184	1334119	66	1	67	67	5509528
1106bt	Escherichia_coli_O157_strain_180_PT54_complete_genome	genome	+	NZ_CP015832.1	t_pro_shob_ohsc_sr	NaN - rows are merged	tblastn	NaN - rows are merged	1334519	1334596	78	1	26	26	5509528
11787bat	Escherichia_coli_O157_strain_644_PT8_complete_genome	genome	-	NZ_CP015831.1	at_nt_shob_ohsc_sr	NaN - rows are merged	blastn	NaN - rows are merged	1333371	1333306	66	1	67	67	5831209
1069bt	Escherichia_coli_O157_strain_644_PT8_complete_genome	genome	+	NZ_CP015831.1	t_pro_shob_ohsc_sr	NaN - rows are merged	tblastn	NaN - rows are merged	1333706	1333783	78	1	26	26	5831209
11786bat	Escherichia_coli_O157_strain_FDAARGOS_293_chromosome_complete_genome	genome	-	NZ_CP022050.2	at_nt_shob_ohsc_sr	NaN - rows are merged	blastn	NaN - rows are merged	3751899	3751834	66	1	67	67	5548751
1095bt	Escherichia_coli_O157_strain_FDAARGOS_293_chromosome_complete_genome	genome	+	NZ_CP022050.2	t_pro_shob_ohsc_sr	NaN - rows are merged	tblastn	NaN - rows are merged	3752234	3752311	78	1	26	26	5548751
1351bt	Escherichia_coli_O15_H11_strain_90_9272_chromosome_complete_genome	genome	-	NZ_CP024239.1	t_pro_shob_ohsc_sr	NaN - rows are merged	tblastn	NaN - rows are merged	1532662	1532585	78	1	26	26	4906680
10031bat	Escherichia_coli_O15_H11_strain_90_9272_chromosome_complete_genome	genome	+	NZ_CP024239.1	at_nt_shob_ohsc_sr	NaN - rows are merged	blastn	NaN - rows are merged	1532985	1533061	77	1	77	77	4906680
1325bt	Escherichia_coli_O169_H41_strain_2014EL_1345_2_chromosome_complete_genome	genome	-	NZ_CP024223.1	t_pro_shob_ohsc_sr	NaN - rows are merged	tblastn	NaN - rows are merged	995276	995199	78	1	26	26	4943397
11785bat	Escherichia_coli_O169_H41_strain_2014EL_1345_2_chromosome_complete_genome	genome	+	NZ_CP024223.1	at_nt_shob_ohsc_sr	NaN - rows are merged	blastn	NaN - rows are merged	995611	995676	66	1	67	67	4943397
1335bt	Escherichia_coli_O169_H41_strain_F6326_C1_chromosome_complete_genome	genome	-	NZ_CP024263.1	t_pro_shob_ohsc_sr	NaN - rows are merged	tblastn	NaN - rows are merged	2196373	2196296	78	1	26	26	4934701
11784bat	Escherichia_coli_O169_H41_strain_F6326_C1_chromosome_complete_genome	genome	+	NZ_CP024263.1	at_nt_shob_ohsc_sr	NaN - rows are merged	blastn	NaN - rows are merged	2196708	2196773	66	1	67	67	4934701
10030bat	Escherichia_coli_O178_H19_strain_2012C_4431_chromosome_complete_genome	genome	-	NZ_CP024289.1	at_nt_shob_ohsc_sr	NaN - rows are merged	blastn	NaN - rows are merged	150199	150123	77	1	77	77	5074559
1266bt	Escherichia_coli_O178_H19_strain_2012C_4431_chromosome_complete_genome	genome	+	NZ_CP024289.1	t_pro_shob_ohsc_sr	NaN - rows are merged	tblastn	NaN - rows are merged	150522	150599	78	1	26	26	5074559
18513bt	Escherichia_coli_O178_H19_strain_2012C_4431_chromosome_complete_genome	genome	+	NZ_CP024289.1	t_nt_shob_ohsc_sr	NaN - rows are merged	blastn	NaN - rows are merged	150522	150602	81	1	81	81	5074559
18512bt	Escherichia_coli_O182_H21_strain_D181_chromosome_complete_genome	genome	-	NZ_CP024252.1	t_nt_shob_ohsc_sr	NaN - rows are merged	blastn	NaN - rows are merged	4249657	4249577	81	1	81	81	4891230
1364bt	Escherichia_coli_O182_H21_strain_D181_chromosome_complete_genome	genome	-	NZ_CP024252.1	t_pro_shob_ohsc_sr	NaN - rows are merged	tblastn	NaN - rows are merged	4249657	4249580	78	1	26	26	4891230
10029bat	Escherichia_coli_O182_H21_strain_D181_chromosome_complete_genome	genome	+	NZ_CP024252.1	at_nt_shob_ohsc_sr	NaN - rows are merged	blastn	NaN - rows are merged	4249980	4250056	77	1	77	77	4891230
14291bat	Escherichia_coli_O25_H16_strain_F5505_C1_chromosome_complete_genome	genome	-	NZ_CP024257.1	at_nt_shob_ohsc_sr	NaN - rows are merged	blastn	NaN - rows are merged	1502898	1502823	76	2	64	64	4886938
1368bt	Escherichia_coli_O25_H16_strain_F5505_C1_chromosome_complete_genome	genome	+	NZ_CP024257.1	t_pro_shob_ohsc_sr	NaN - rows are merged	tblastn	NaN - rows are merged	1503221	1503298	78	1	26	26	4886938
13471bt	Escherichia_coli_O25_H16_strain_F5505_C1_chromosome_complete_genome	genome	+	NZ_CP024257.1	t_nt_shob_ohsc_sr	NaN - rows are merged	blastn	NaN - rows are merged	1503221	1503301	81	1	81	81	4886938
10028bat	Escherichia_coli_O25_NM_strain_2014EL_1343_2_chromosome_complete_genome	genome	-	NZ_CP024228.1	at_nt_shob_ohsc_sr	NaN - rows are merged	blastn	NaN - rows are merged	4297285	4297209	77	1	77	77	4848034
13470bt	Escherichia_coli_O25_NM_strain_2014EL_1343_2_chromosome_complete_genome	genome	+	NZ_CP024228.1	t_nt_shob_ohsc_sr	NaN - rows are merged	blastn	NaN - rows are merged	4297608	4297688	81	1	81	81	4848034
1401bt	Escherichia_coli_O25_NM_strain_2014EL_1343_2_chromosome_complete_genome	genome	+	NZ_CP024228.1	t_pro_shob_ohsc_sr	NaN - rows are merged	tblastn	NaN - rows are merged	4297608	4297685	78	1	26	26	4848034
10063bt	Escherichia_coli_O25b_H4_chromosome_complete_genome	genome	-	NZ_CP015085.1	t_nt_shob_ohsc_sr	NaN - rows are merged	blastn	NaN - rows are merged	1474339	1474259	81	1	81	81	5289898
11782bat	Escherichia_coli_O25b_H4_chromosome_complete_genome	genome	+	NZ_CP015085.1	at_nt_shob_ohsc_sr	NaN - rows are merged	blastn	NaN - rows are merged	1474674	1474739	66	1	67	67	5289898
13469bt	Escherichia_coli_O26_H11_str_11368_DNA_complete_genome	genome	-	NC_013361.1	t_nt_shob_ohsc_sr	NaN - rows are merged	blastn	NaN - rows are merged	3549135	3549055	81	1	81	81	5697240
1074bt	Escherichia_coli_O26_H11_str_11368_DNA_complete_genome	genome	-	NC_013361.1	t_pro_shob_ohsc_sr	NaN - rows are merged	tblastn	NaN - rows are merged	3549135	3549058	78	1	26	26	5697240
1001bat	Escherichia_coli_O26_H11_str_11368_DNA_complete_genome	genome	+	NC_013361.1	at_nt_shob_ohsc_sr	NaN - rows are merged	blastn	NaN - rows are merged	3549458	3549534	77	1	77	77	5697240
11471bt	Escherichia_coli_O26_str_RM10386_chromosome_complete_genome	genome	-	NZ_CP028126.1	t_nt_shob_ohsc_sr	NaN - rows are merged	blastn	NaN - rows are merged	3669847	3669767	81	1	81	81	5785882
1071bt	Escherichia_coli_O26_str_RM10386_chromosome_complete_genome	genome	-	NZ_CP028126.1	t_pro_shob_ohsc_sr	NaN - rows are merged	tblastn	NaN - rows are merged	3669847	3669770	78	1	26	26	5785882
1000bat	Escherichia_coli_O26_str_RM10386_chromosome_complete_genome	genome	+	NZ_CP028126.1	at_nt_shob_ohsc_sr	NaN - rows are merged	blastn	NaN - rows are merged	3670170	3670246	77	1	77	77	5785882
11470bt	Escherichia_coli_O26_str_RM8426_chromosome_complete_genome	genome	-	NZ_CP028116.1	t_nt_shob_ohsc_sr	NaN - rows are merged	blastn	NaN - rows are merged	3516444	3516364	81	1	81	81	5648177
1079bt	Escherichia_coli_O26_str_RM8426_chromosome_complete_genome	genome	-	NZ_CP028116.1	t_pro_shob_ohsc_sr	NaN - rows are merged	tblastn	NaN - rows are merged	3516444	3516367	78	1	26	26	5648177
10025bat	Escherichia_coli_O26_str_RM8426_chromosome_complete_genome	genome	+	NZ_CP028116.1	at_nt_shob_ohsc_sr	NaN - rows are merged	blastn	NaN - rows are merged	3516767	3516843	77	1	77	77	5648177
10024bat	Escherichia_coli_O27_H7_strain_B4103_1_chromosome_complete_genome	genome	-	NZ_CP024245.1	at_nt_shob_ohsc_sr	NaN - rows are merged	blastn	NaN - rows are merged	2048626	2048550	77	1	77	77	4708118
1017bt	Escherichia_coli_O27_H7_strain_B4103_1_chromosome_complete_genome	genome	+	NZ_CP024245.1	t_pro_shob_ohsc_sr	NaN - rows are merged	tblastn	NaN - rows are merged	2048949	2049026	78	1	26	26	4708118
11469bt	Escherichia_coli_O27_H7_strain_B4103_1_chromosome_complete_genome	genome	+	NZ_CP024245.1	t_nt_shob_ohsc_sr	NaN - rows are merged	blastn	NaN - rows are merged	2048949	2049029	81	1	81	81	4708118
11468bt	Escherichia_coli_O43_str_RM10042_chromosome_complete_genome	genome	-	NZ_CP028122.1	t_nt_shob_ohsc_sr	NaN - rows are merged	blastn	NaN - rows are merged	2972922	2972842	81	1	81	81	5057506
1274bt	Escherichia_coli_O43_str_RM10042_chromosome_complete_genome	genome	-	NZ_CP028122.1	t_pro_shob_ohsc_sr	NaN - rows are merged	tblastn	NaN - rows are merged	2972922	2972845	78	1	26	26	5057506
10023bat	Escherichia_coli_O43_str_RM10042_chromosome_complete_genome	genome	+	NZ_CP028122.1	at_nt_shob_ohsc_sr	NaN - rows are merged	blastn	NaN - rows are merged	2973245	2973321	77	1	77	77	5057506
11467bt	Escherichia_coli_O55_H7_str_CB9615_complete_genome	genome	-	NC_013941.1	t_nt_shob_ohsc_sr	NaN - rows are merged	blastn	NaN - rows are merged	3203128	3203048	81	1	81	81	5386352
1158bt	Escherichia_coli_O55_H7_str_CB9615_complete_genome	genome	-	NC_013941.1	t_pro_shob_ohsc_sr	NaN - rows are merged	tblastn	NaN - rows are merged	3203128	3203051	78	1	26	26	5386352
11781bat	Escherichia_coli_O55_H7_str_CB9615_complete_genome	genome	+	NC_013941.1	at_nt_shob_ohsc_sr	NaN - rows are merged	blastn	NaN - rows are merged	3203463	3203528	66	1	67	67	5386352
1198bt	Escherichia_coli_O55_H7_str_RM12579_complete_genome	genome	-	NC_017656.1	t_pro_shob_ohsc_sr	NaN - rows are merged	tblastn	NaN - rows are merged	3171882	3171805	78	1	26	26	5263980
11466bt	Escherichia_coli_O55_H7_str_RM12579_complete_genome	genome	-	NC_017656.1	t_nt_shob_ohsc_sr	NaN - rows are merged	blastn	NaN - rows are merged	3171882	3171802	81	1	81	81	5263980
11780bat	Escherichia_coli_O55_H7_str_RM12579_complete_genome	genome	+	NC_017656.1	at_nt_shob_ohsc_sr	NaN - rows are merged	blastn	NaN - rows are merged	3172217	3172282	66	1	67	67	5263980
10529bat	Escherichia_coli_O6_H16_strain_2011EL_1370_2_chromosome_complete_genome	genome	-	NZ_CP022912.1	at_nt_shob_ohsc_sr	NaN - rows are merged	blastn	NaN - rows are merged	1322261	1322186	76	2	77	77	4785142
11465bt	Escherichia_coli_O6_H16_strain_2011EL_1370_2_chromosome_complete_genome	genome	+	NZ_CP022912.1	t_nt_shob_ohsc_sr	NaN - rows are merged	blastn	NaN - rows are merged	1322337	1322417	81	1	81	81	4785142
1457bt	Escherichia_coli_O6_H16_strain_2011EL_1370_2_chromosome_complete_genome	genome	+	NZ_CP022912.1	t_pro_shob_ohsc_sr	NaN - rows are merged	tblastn	NaN - rows are merged	1322337	1322414	78	1	26	26	4785142
10528bat	Escherichia_coli_O6_H16_strain_2014EL_1346_6_chromosome_complete_genome	genome	-	NZ_CP024232.1	at_nt_shob_ohsc_sr	NaN - rows are merged	blastn	NaN - rows are merged	3369460	3369385	76	2	77	77	4872840
11464bt	Escherichia_coli_O6_H16_strain_2014EL_1346_6_chromosome_complete_genome	genome	+	NZ_CP024232.1	t_nt_shob_ohsc_sr	NaN - rows are merged	blastn	NaN - rows are merged	3369536	3369616	81	1	81	81	4872840
1385bt	Escherichia_coli_O6_H16_strain_2014EL_1346_6_chromosome_complete_genome	genome	+	NZ_CP024232.1	t_pro_shob_ohsc_sr	NaN - rows are merged	tblastn	NaN - rows are merged	3369536	3369613	78	1	26	26	4872840
14290bat	Escherichia_coli_O6_H16_strain_F6699_chromosome_complete_genome	genome	-	NZ_CP024266.1	at_nt_shob_ohsc_sr	NaN - rows are merged	blastn	NaN - rows are merged	2337951	2337877	75	2	64	64	4881899
1375bt	Escherichia_coli_O6_H16_strain_F6699_chromosome_complete_genome	genome	+	NZ_CP024266.1	t_pro_shob_ohsc_sr	NaN - rows are merged	tblastn	NaN - rows are merged	2338027	2338104	78	1	26	26	4881899
11463bt	Escherichia_coli_O6_H16_strain_F6699_chromosome_complete_genome	genome	+	NZ_CP024266.1	t_nt_shob_ohsc_sr	NaN - rows are merged	blastn	NaN - rows are merged	2338027	2338107	81	1	81	81	4881899
11462bt	Escherichia_coli_O6_H16_strain_M9682_C1_chromosome_complete_genome	genome	-	NZ_CP024275.1	t_nt_shob_ohsc_sr	NaN - rows are merged	blastn	NaN - rows are merged	2850187	2850107	81	1	81	81	4778550
1462bt	Escherichia_coli_O6_H16_strain_M9682_C1_chromosome_complete_genome	genome	-	NZ_CP024275.1	t_pro_shob_ohsc_sr	NaN - rows are merged	tblastn	NaN - rows are merged	2850187	2850110	78	1	26	26	4778550
10527bat	Escherichia_coli_O6_H16_strain_M9682_C1_chromosome_complete_genome	genome	+	NZ_CP024275.1	at_nt_shob_ohsc_sr	NaN - rows are merged	blastn	NaN - rows are merged	2850263	2850338	76	2	77	77	4778550
12598bt	Escherichia_coli_O7_K1_str_CE10_complete_genome	genome	-	NC_017646.1	t_nt_shob_ohsc_sr	NaN - rows are merged	blastn	NaN - rows are merged	3060534	3060454	81	1	81	81	5313531
1178bt	Escherichia_coli_O7_K1_str_CE10_complete_genome	genome	-	NC_017646.1	t_pro_shob_ohsc_sr	NaN - rows are merged	tblastn	NaN - rows are merged	3060534	3060457	78	1	26	26	5313531
11599bat	Escherichia_coli_O7_K1_str_CE10_complete_genome	genome	+	NC_017646.1	at_nt_shob_ohsc_sr	NaN - rows are merged	blastn	NaN - rows are merged	3060869	3060934	66	1	67	67	5313531
10062bt	Escherichia_coli_O83_H1_str_NRG_857C_chromosome_complete_genome	genome	-	NC_017634.1	t_nt_shob_ohsc_sr	NaN - rows are merged	blastn	NaN - rows are merged	2685729	2685649	81	1	81	81	4747819
11779bat	Escherichia_coli_O83_H1_str_NRG_857C_chromosome_complete_genome	genome	+	NC_017634.1	at_nt_shob_ohsc_sr	NaN - rows are merged	blastn	NaN - rows are merged	2686064	2686129	66	1	67	67	4747819
11461bt	Escherichia_coli_O91_str_RM7190_chromosome_complete_genome	genome	-	NZ_CP015244.1	t_nt_shob_ohsc_sr	NaN - rows are merged	blastn	NaN - rows are merged	2848560	2848480	81	1	81	81	4903701
1354bt	Escherichia_coli_O91_str_RM7190_chromosome_complete_genome	genome	-	NZ_CP015244.1	t_pro_shob_ohsc_sr	NaN - rows are merged	tblastn	NaN - rows are merged	2848560	2848483	78	1	26	26	4903701
10022bat	Escherichia_coli_O91_str_RM7190_chromosome_complete_genome	genome	+	NZ_CP015244.1	at_nt_shob_ohsc_sr	NaN - rows are merged	blastn	NaN - rows are merged	2848883	2848959	77	1	77	77	4903701
11460bt	Escherichia_coli_P12b_complete_genome	genome	-	NC_017663.1	t_nt_shob_ohsc_sr	NaN - rows are merged	blastn	NaN - rows are merged	2913430	2913350	81	1	81	81	4935294
1334bt	Escherichia_coli_P12b_complete_genome	genome	-	NC_017663.1	t_pro_shob_ohsc_sr	NaN - rows are merged	tblastn	NaN - rows are merged	2913430	2913353	78	1	26	26	4935294
10021bat	Escherichia_coli_P12b_complete_genome	genome	+	NC_017663.1	at_nt_shob_ohsc_sr	NaN - rows are merged	blastn	NaN - rows are merged	2913753	2913829	77	1	77	77	4935294
12973bt	Escherichia_coli_PCN033_complete_genome	genome	-	NZ_CP006632.1	t_nt_shob_ohsc_sr	NaN - rows are merged	blastn	NaN - rows are merged	2819628	2819548	81	1	81	81	4987957
1538bt	Escherichia_coli_PCN033_complete_genome	genome	-	NZ_CP006632.1	t_pro_shob_ohsc_sr	NaN - rows are merged	tblastn	NaN - rows are merged	2819628	2819551	78	1	26	26	4987957
11584bat	Escherichia_coli_PCN033_complete_genome	genome	+	NZ_CP006632.1	at_nt_shob_ohsc_sr	NaN - rows are merged	blastn	NaN - rows are merged	2819963	2820029	67	1	67	67	4987957
11459bt	Escherichia_coli_PCN061_complete_genome	genome	-	NZ_CP006636.1	t_nt_shob_ohsc_sr	NaN - rows are merged	blastn	NaN - rows are merged	2667267	2667187	81	1	81	81	4603777
10020bat	Escherichia_coli_PCN061_complete_genome	genome	+	NZ_CP006636.1	at_nt_shob_ohsc_sr	NaN - rows are merged	blastn	NaN - rows are merged	2667590	2667666	77	1	77	77	4603777
10951bt	Escherichia_coli_PMV_1_main_chromosome_complete_genome	chromosome	-	NC_022370.1	t_nt_shob_ohsc_sr	NaN - rows are merged	blastn	NaN - rows are merged	2844863	2844783	81	1	81	81	4984940
1151bt	Escherichia_coli_PMV_1_main_chromosome_complete_genome	chromosome	-	NC_022370.1	t_pro_shob_ohsc_sr	NaN - rows are merged	tblastn	NaN - rows are merged	2844863	2844786	78	1	26	26	4984940
10075bat	Escherichia_coli_PMV_1_main_chromosome_complete_genome	chromosome	+	NC_022370.1	at_nt_shob_ohsc_sr	NaN - rows are merged	blastn	NaN - rows are merged	2845198	2845263	66	1	66	66	4984940
10061bt	Escherichia_coli_RS218_complete_genome	genome	-	NZ_CP007149.1	t_nt_shob_ohsc_sr	NaN - rows are merged	blastn	NaN - rows are merged	2861056	2860976	81	1	81	81	5087638
11778bat	Escherichia_coli_RS218_complete_genome	genome	+	NZ_CP007149.1	at_nt_shob_ohsc_sr	NaN - rows are merged	blastn	NaN - rows are merged	2861391	2861456	66	1	67	67	5087638
10060bt	Escherichia_coli_S88_chromosome_complete_genome	genome	-	NC_011742.1	t_nt_shob_ohsc_sr	NaN - rows are merged	blastn	NaN - rows are merged	2737604	2737524	81	1	81	81	5032268
11777bat	Escherichia_coli_S88_chromosome_complete_genome	genome	+	NC_011742.1	at_nt_shob_ohsc_sr	NaN - rows are merged	blastn	NaN - rows are merged	2737939	2738004	66	1	67	67	5032268
11458bt	Escherichia_coli_SE11_DNA_complete_genome	genome	-	NC_011415.1	t_nt_shob_ohsc_sr	NaN - rows are merged	blastn	NaN - rows are merged	2958999	2958919	81	1	81	81	4887515
1367bt	Escherichia_coli_SE11_DNA_complete_genome	genome	-	NC_011415.1	t_pro_shob_ohsc_sr	NaN - rows are merged	tblastn	NaN - rows are merged	2958999	2958922	78	1	26	26	4887515
10019bat	Escherichia_coli_SE11_DNA_complete_genome	genome	+	NC_011415.1	at_nt_shob_ohsc_sr	NaN - rows are merged	blastn	NaN - rows are merged	2959322	2959398	77	1	77	77	4887515
10059bt	Escherichia_coli_SE15_DNA_complete_genome	genome	-	NC_013654.1	t_nt_shob_ohsc_sr	NaN - rows are merged	blastn	NaN - rows are merged	2621744	2621664	81	1	81	81	4717338
11776bat	Escherichia_coli_SE15_DNA_complete_genome	genome	+	NC_013654.1	at_nt_shob_ohsc_sr	NaN - rows are merged	blastn	NaN - rows are merged	2622079	2622144	66	1	67	67	4717338
11997bt	Escherichia_coli_SK1144_complete_genome	genome	-	NZ_AP018784.1	t_nt_shob_ohsc_sr	NaN - rows are merged	blastn	NaN - rows are merged	3686006	3685926	81	1	81	81	5029244
11636bat	Escherichia_coli_SK1144_complete_genome	genome	+	NZ_AP018784.1	at_nt_shob_ohsc_sr	NaN - rows are merged	blastn	NaN - rows are merged	3686341	3686406	66	1	67	67	5029244
15301bat	Escherichia_coli_SLK172_complete_genome	genome	-	NZ_CP017631.1	at_nt_shob_ohsc_sr	NaN - rows are merged	blastn	NaN - rows are merged	1300934	1300858	77	1	77	77	5283836
1189bt	Escherichia_coli_SLK172_complete_genome	genome	+	NZ_CP017631.1	t_pro_shob_ohsc_sr	NaN - rows are merged	tblastn	NaN - rows are merged	1301257	1301334	78	1	26	26	5283836
10192bt	Escherichia_coli_SLK172_complete_genome	genome	+	NZ_CP017631.1	t_nt_shob_ohsc_sr	NaN - rows are merged	blastn	NaN - rows are merged	1301257	1301337	81	1	81	81	5283836
10094bt	Escherichia_coli_SMS_3_5_complete_genome	genome	-	NC_010498.1	t_nt_shob_ohsc_sr	NaN - rows are merged	blastn	NaN - rows are merged	2795418	2795338	81	1	81	81	5068389
11598bat	Escherichia_coli_SMS_3_5_complete_genome	genome	+	NC_010498.1	at_nt_shob_ohsc_sr	NaN - rows are merged	blastn	NaN - rows are merged	2795753	2795818	66	1	67	67	5068389
10064bt	Escherichia_coli_ST131_strain_EC958_chromosome_complete_genome	genome	-	NZ_HG941718.1	t_nt_shob_ohsc_sr	NaN - rows are merged	blastn	NaN - rows are merged	2871853	2871773	81	1	81	81	5109767
11783bat	Escherichia_coli_ST131_strain_EC958_chromosome_complete_genome	genome	+	NZ_HG941718.1	at_nt_shob_ohsc_sr	NaN - rows are merged	blastn	NaN - rows are merged	2872188	2872253	66	1	67	67	5109767
10893bt	Escherichia_coli_TW10598_chromosome_whole_genome_shotgun_sequence	chromosome	-	NZ_CM007915.1	t_nt_shob_ohsc_sr	NaN - rows are merged	blastn	NaN - rows are merged	2829212	2829132	81	1	81	81	4870513
101bt	Escherichia_coli_TW10598_chromosome_whole_genome_shotgun_sequence	chromosome	-	NZ_CM007915.1	t_pro_shob_ohsc_sr	NaN - rows are merged	tblastn	NaN - rows are merged	2829212	2829135	78	1	26	26	4870513
10033bat	Escherichia_coli_TW10598_chromosome_whole_genome_shotgun_sequence	chromosome	+	NZ_CM007915.1	at_nt_shob_ohsc_sr	NaN - rows are merged	blastn	NaN - rows are merged	2829288	2829363	76	2	76	76	4870513
13182bat	Escherichia_coli_UM146_complete_genome	genome	-	NC_017632.1	at_nt_shob_ohsc_sr	NaN - rows are merged	blastn	NaN - rows are merged	800144	800079	66	1	66	66	4993013
11984bt	Escherichia_coli_UM146_complete_genome	genome	+	NC_017632.1	t_nt_shob_ohsc_sr	NaN - rows are merged	blastn	NaN - rows are merged	800479	800559	81	1	81	81	4993013
10936bt	Escherichia_coli_UMN026_complete_genome	chromosome	-	NC_011751.1	t_nt_shob_ohsc_sr	NaN - rows are merged	blastn	NaN - rows are merged	2991718	2991638	81	1	81	81	5202090
1094bt	Escherichia_coli_UMN026_complete_genome	chromosome	-	NC_011751.1	t_pro_shob_ohsc_sr	NaN - rows are merged	tblastn	NaN - rows are merged	2991718	2991641	78	1	26	26	5202090
10034bat	Escherichia_coli_UMN026_complete_genome	chromosome	+	NC_011751.1	at_nt_shob_ohsc_sr	NaN - rows are merged	blastn	NaN - rows are merged	2992041	2992117	77	1	76	76	5202090
10892bt	Escherichia_coli_UMNF18_chromosome_whole_genome_shotgun_sequence	chromosome	-	NZ_AGTD01000001.1	t_nt_shob_ohsc_sr	NaN - rows are merged	blastn	NaN - rows are merged	3142924	3142844	81	1	81	81	5239207
1092bt	Escherichia_coli_UMNF18_chromosome_whole_genome_shotgun_sequence	chromosome	-	NZ_AGTD01000001.1	t_pro_shob_ohsc_sr	NaN - rows are merged	tblastn	NaN - rows are merged	3142924	3142847	78	1	26	26	5239207
10203bat	Escherichia_coli_UMNF18_chromosome_whole_genome_shotgun_sequence	chromosome	+	NZ_AGTD01000001.1	at_nt_shob_ohsc_sr	NaN - rows are merged	blastn	NaN - rows are merged	3143247	3143323	77	1	77	77	5239207
1222bt	Escherichia_coli_UMNK88_complete_genome	genome	-	NC_017641.1	t_pro_shob_ohsc_sr	NaN - rows are merged	tblastn	NaN - rows are merged	3112165	3112088	78	1	26	26	5186416
10158bt	Escherichia_coli_UMNK88_complete_genome	genome	-	NC_017641.1	t_nt_shob_ohsc_sr	NaN - rows are merged	blastn	NaN - rows are merged	3112165	3112085	81	1	81	81	5186416
10102bat	Escherichia_coli_UMNK88_complete_genome	genome	+	NC_017641.1	at_nt_shob_ohsc_sr	NaN - rows are merged	blastn	NaN - rows are merged	3112488	3112564	77	1	77	77	5186416
11983bt	Escherichia_coli_UTI89_complete_genome	genome	-	NC_007946.1	t_nt_shob_ohsc_sr	NaN - rows are merged	blastn	NaN - rows are merged	2841944	2841864	81	1	81	81	5065741
11615bat	Escherichia_coli_UTI89_complete_genome	genome	+	NC_007946.1	at_nt_shob_ohsc_sr	NaN - rows are merged	blastn	NaN - rows are merged	2842279	2842344	66	1	67	67	5065741
10157bt	Escherichia_coli_VR50_complete_genome	genome	-	NZ_CP011134.1	t_nt_shob_ohsc_sr	NaN - rows are merged	blastn	NaN - rows are merged	2880997	2880917	81	1	81	81	5000386
1299bt	Escherichia_coli_VR50_complete_genome	genome	-	NZ_CP011134.1	t_pro_shob_ohsc_sr	NaN - rows are merged	tblastn	NaN - rows are merged	2880997	2880920	78	1	26	26	5000386
10101bat	Escherichia_coli_VR50_complete_genome	genome	+	NZ_CP011134.1	at_nt_shob_ohsc_sr	NaN - rows are merged	blastn	NaN - rows are merged	2881320	2881396	77	1	77	77	5000386
10156bt	Escherichia_coli_W_complete_genome	genome	-	NC_017664.1	t_nt_shob_ohsc_sr	NaN - rows are merged	blastn	NaN - rows are merged	2867872	2867792	81	1	81	81	4897452
1359bt	Escherichia_coli_W_complete_genome	genome	-	NC_017664.1	t_pro_shob_ohsc_sr	NaN - rows are merged	tblastn	NaN - rows are merged	2867872	2867795	78	1	26	26	4897452
10100bat	Escherichia_coli_W_complete_genome	genome	+	NC_017664.1	at_nt_shob_ohsc_sr	NaN - rows are merged	blastn	NaN - rows are merged	2868195	2868271	77	1	77	77	4897452
10155bt	Escherichia_coli_Xuzhou21_complete_genome	genome	-	NC_017906.1	t_nt_shob_ohsc_sr	NaN - rows are merged	blastn	NaN - rows are merged	3348217	3348137	81	1	81	81	5386223
1159bt	Escherichia_coli_Xuzhou21_complete_genome	genome	-	NC_017906.1	t_pro_shob_ohsc_sr	NaN - rows are merged	tblastn	NaN - rows are merged	3348217	3348140	78	1	26	26	5386223
11614bat	Escherichia_coli_Xuzhou21_complete_genome	genome	+	NC_017906.1	at_nt_shob_ohsc_sr	NaN - rows are merged	blastn	NaN - rows are merged	3348552	3348617	66	1	67	67	5386223
10284bt	Escherichia_coli_genome_assembly_EcHMS174Chr_chromosome__1	genome	-	NZ_LM993812.1	t_nt_shob_ohsc_sr	NaN - rows are merged	blastn	NaN - rows are merged	2652578	2652498	81	1	81	81	4584860
10215bat	Escherichia_coli_genome_assembly_EcHMS174Chr_chromosome__1	genome	+	NZ_LM993812.1	at_nt_shob_ohsc_sr	NaN - rows are merged	blastn	NaN - rows are merged	2652901	2652977	77	1	77	77	4584860
10281bt	Escherichia_coli_genome_assembly_EcRV308Chr_chromosome__1	genome	-	NZ_LM995446.1	t_nt_shob_ohsc_sr	NaN - rows are merged	blastn	NaN - rows are merged	2642725	2642645	81	1	81	81	4585620
10212bat	Escherichia_coli_genome_assembly_EcRV308Chr_chromosome__1	genome	+	NZ_LM995446.1	at_nt_shob_ohsc_sr	NaN - rows are merged	blastn	NaN - rows are merged	2643048	2643124	77	1	77	77	4585620
1108bt	Escherichia_coli_isolate_Co6114_genome	chromosome	-	NZ_CP016034.1	t_pro_shob_ohsc_sr	NaN - rows are merged	tblastn	NaN - rows are merged	2593534	2593457	78	1	26	26	4893592
10935bt	Escherichia_coli_isolate_Co6114_genome	chromosome	-	NZ_CP016034.1	t_nt_shob_ohsc_sr	NaN - rows are merged	blastn	NaN - rows are merged	2593534	2593454	81	1	81	81	4893592
10032bat	Escherichia_coli_isolate_Co6114_genome	chromosome	+	NZ_CP016034.1	at_nt_shob_ohsc_sr	NaN - rows are merged	blastn	NaN - rows are merged	2593857	2593933	77	1	76	76	4893592
11818bat	Escherichia_coli_isolate_NQ3_chromosome_complete_genome	genome	-	NZ_CP024720.1	at_nt_shob_ohsc_sr	NaN - rows are merged	blastn	NaN - rows are merged	911526	911461	66	1	67	67	5196957
10073bt	Escherichia_coli_isolate_NQ3_chromosome_complete_genome	genome	+	NZ_CP024720.1	t_nt_shob_ohsc_sr	NaN - rows are merged	blastn	NaN - rows are merged	911861	911941	81	1	81	81	5196957
11986bt	Escherichia_coli_str_'clone_D_i14'_complete_genome	genome	-	NC_017652.1	t_nt_shob_ohsc_sr	NaN - rows are merged	blastn	NaN - rows are merged	2900146	2900066	81	1	81	81	5038386
11618bat	Escherichia_coli_str_'clone_D_i14'_complete_genome	genome	+	NC_017652.1	at_nt_shob_ohsc_sr	NaN - rows are merged	blastn	NaN - rows are merged	2900481	2900546	66	1	67	67	5038386
11985bt	Escherichia_coli_str_'clone_D_i2'_complete_genome	genome	-	NC_017651.1	t_nt_shob_ohsc_sr	NaN - rows are merged	blastn	NaN - rows are merged	2900146	2900066	81	1	81	81	5038386
11617bat	Escherichia_coli_str_'clone_D_i2'_complete_genome	genome	+	NC_017651.1	at_nt_shob_ohsc_sr	NaN - rows are merged	blastn	NaN - rows are merged	2900481	2900546	66	1	67	67	5038386
10165bt	Escherichia_coli_str_K12_substr_DH10B_complete_genome	genome	-	NC_010473.1	t_nt_shob_ohsc_sr	NaN - rows are merged	blastn	NaN - rows are merged	2789984	2789904	81	1	81	81	4686137
1002bt	Escherichia_coli_str_K12_substr_DH10B_complete_genome	genome	-	NC_010473.1	t_pro_shob_ohsc_sr	NaN - rows are merged	tblastn	NaN - rows are merged	2789984	2789907	78	1	26	26	4686137
10109bat	Escherichia_coli_str_K12_substr_DH10B_complete_genome	genome	+	NC_010473.1	at_nt_shob_ohsc_sr	NaN - rows are merged	blastn	NaN - rows are merged	2790307	2790383	77	1	77	77	4686137
10164bt	Escherichia_coli_str_K_12_substr_MC4100_complete_genome	genome	-	NZ_HG738867.1	t_nt_shob_ohsc_sr	NaN - rows are merged	blastn	NaN - rows are merged	2582470	2582390	81	1	81	81	4527247
10108bat	Escherichia_coli_str_K_12_substr_MC4100_complete_genome	genome	+	NZ_HG738867.1	at_nt_shob_ohsc_sr	NaN - rows are merged	blastn	NaN - rows are merged	2582793	2582869	77	1	77	77	4527247
10163bt	Escherichia_coli_str_K_12_substr_MDS42_DNA_complete_genome	genome	-	NC_020518.1	t_nt_shob_ohsc_sr	NaN - rows are merged	blastn	NaN - rows are merged	2245824	2245744	81	1	81	81	3976195
10107bat	Escherichia_coli_str_K_12_substr_MDS42_DNA_complete_genome	genome	+	NC_020518.1	at_nt_shob_ohsc_sr	NaN - rows are merged	blastn	NaN - rows are merged	2246147	2246223	77	1	77	77	3976195
11837bat	Escherichia_coli_str_K_12_substr_MG1655_strain_JW5437_1_complete_genome	genome	-	NZ_CP014348.1	at_nt_shob_ohsc_sr	NaN - rows are merged	blastn	NaN - rows are merged	2633154	2633078	77	1	77	77	4657541
1022bt	Escherichia_coli_str_K_12_substr_MG1655_strain_JW5437_1_complete_genome	genome	+	NZ_CP014348.1	t_pro_shob_ohsc_sr	NaN - rows are merged	tblastn	NaN - rows are merged	2633477	2633554	78	1	26	26	4657541
10162bt	Escherichia_coli_str_K_12_substr_MG1655_strain_JW5437_1_complete_genome	genome	+	NZ_CP014348.1	t_nt_shob_ohsc_sr	NaN - rows are merged	blastn	NaN - rows are merged	2633477	2633557	81	1	81	81	4657541
10161bt	Escherichia_coli_str_K_12_substr_MG1655_strain_K_12_chromosome_complete_genome	genome	-	NZ_CP025268.1	t_nt_shob_ohsc_sr	NaN - rows are merged	blastn	NaN - rows are merged	2704221	2704141	81	1	81	81	4643559
10105bat	Escherichia_coli_str_K_12_substr_MG1655_strain_K_12_chromosome_complete_genome	genome	+	NZ_CP025268.1	at_nt_shob_ohsc_sr	NaN - rows are merged	blastn	NaN - rows are merged	2704544	2704620	77	1	77	77	4643559
10895bt	Escherichia_coli_str_K_12_substr_MG1655_strain_K_12_chromosome_whole_genome_shotgun_sequence	chromosome	-	NZ_AKVX01000001.1	t_nt_shob_ohsc_sr	NaN - rows are merged	blastn	NaN - rows are merged	2697625	2697545	81	1	81	81	4638970
1130bt	Escherichia_coli_str_K_12_substr_MG1655_strain_K_12_chromosome_whole_genome_shotgun_sequence	chromosome	-	NZ_AKVX01000001.1	t_pro_shob_ohsc_sr	NaN - rows are merged	tblastn	NaN - rows are merged	2697625	2697548	78	1	26	26	4638970
10205bat	Escherichia_coli_str_K_12_substr_MG1655_strain_K_12_chromosome_whole_genome_shotgun_sequence	chromosome	+	NZ_AKVX01000001.1	at_nt_shob_ohsc_sr	NaN - rows are merged	blastn	NaN - rows are merged	2697948	2698024	77	1	77	77	4638970
10896bt	Escherichia_coli_str_K_12_substr_MG1655star_strain_K_12_chromosome_whole_genome_shotgun_sequence	chromosome	-	NZ_CM000960.1	t_nt_shob_ohsc_sr	NaN - rows are merged	blastn	NaN - rows are merged	2698190	2698110	81	1	81	81	4639637
1129bt	Escherichia_coli_str_K_12_substr_MG1655star_strain_K_12_chromosome_whole_genome_shotgun_sequence	chromosome	-	NZ_CM000960.1	t_pro_shob_ohsc_sr	NaN - rows are merged	tblastn	NaN - rows are merged	2698190	2698113	78	1	26	26	4639637
10206bat	Escherichia_coli_str_K_12_substr_MG1655star_strain_K_12_chromosome_whole_genome_shotgun_sequence	chromosome	+	NZ_CM000960.1	at_nt_shob_ohsc_sr	NaN - rows are merged	blastn	NaN - rows are merged	2698513	2698589	77	1	77	77	4639637
10160bt	Escherichia_coli_str_K_12_substr_W3110_DNA_complete_genome	genome	-	NC_007779.1	t_nt_shob_ohsc_sr	NaN - rows are merged	blastn	NaN - rows are merged	2698853	2698773	81	1	81	81	4646332
10104bat	Escherichia_coli_str_K_12_substr_W3110_DNA_complete_genome	genome	+	NC_007779.1	at_nt_shob_ohsc_sr	NaN - rows are merged	blastn	NaN - rows are merged	2699176	2699252	77	1	77	77	4646332
10894bt	Escherichia_coli_str_K_12_substr_W3110_substrain_ZK126_genome	chromosome	-	NZ_CP017979.1	t_nt_shob_ohsc_sr	NaN - rows are merged	blastn	NaN - rows are merged	2608474	2608394	81	1	81	81	4541211
1136bt	Escherichia_coli_str_K_12_substr_W3110_substrain_ZK126_genome	chromosome	-	NZ_CP017979.1	t_pro_shob_ohsc_sr	NaN - rows are merged	tblastn	NaN - rows are merged	2608474	2608397	78	1	26	26	4541211
10204bat	Escherichia_coli_str_K_12_substr_W3110_substrain_ZK126_genome	chromosome	+	NZ_CP017979.1	at_nt_shob_ohsc_sr	NaN - rows are merged	blastn	NaN - rows are merged	2608797	2608873	77	1	77	77	4541211
10159bt	Escherichia_coli_str_Sanji_complete_genome	genome	-	NZ_CP011061.1	t_nt_shob_ohsc_sr	NaN - rows are merged	blastn	NaN - rows are merged	2765433	2765353	81	1	81	81	4891769
1363bt	Escherichia_coli_str_Sanji_complete_genome	genome	-	NZ_CP011061.1	t_pro_shob_ohsc_sr	NaN - rows are merged	tblastn	NaN - rows are merged	2765433	2765356	78	1	26	26	4891769
10103bat	Escherichia_coli_str_Sanji_complete_genome	genome	+	NZ_CP011061.1	at_nt_shob_ohsc_sr	NaN - rows are merged	blastn	NaN - rows are merged	2765756	2765832	77	1	77	77	4891769
1300bt	Escherichia_coli_strain_00_3076_chromosome_complete_genome	genome	-	NZ_CP027584.1	t_pro_shob_ohsc_sr	NaN - rows are merged	tblastn	NaN - rows are merged	2580128	2580051	78	1	26	26	4997979
11457bt	Escherichia_coli_strain_00_3076_chromosome_complete_genome	genome	-	NZ_CP027584.1	t_nt_shob_ohsc_sr	NaN - rows are merged	blastn	NaN - rows are merged	2580128	2580048	81	1	81	81	4997979
10018bat	Escherichia_coli_strain_00_3076_chromosome_complete_genome	genome	+	NZ_CP027584.1	at_nt_shob_ohsc_sr	NaN - rows are merged	blastn	NaN - rows are merged	2580451	2580527	77	1	77	77	4997979
10930bt	Escherichia_coli_strain_00_3279_chromosome	chromosome	-	NZ_CP024293.1	t_nt_shob_ohsc_sr	NaN - rows are merged	blastn	NaN - rows are merged	807334	807254	81	1	81	81	5116580
1097bt	Escherichia_coli_strain_00_3279_chromosome	chromosome	-	NZ_CP024293.1	t_pro_shob_ohsc_sr	NaN - rows are merged	tblastn	NaN - rows are merged	807334	807257	78	1	26	26	5116580
10029bat	Escherichia_coli_strain_00_3279_chromosome	chromosome	+	NZ_CP024293.1	at_nt_shob_ohsc_sr	NaN - rows are merged	blastn	NaN - rows are merged	807657	807733	77	1	76	76	5116580
10017bat	Escherichia_coli_strain_05_3629_chromosome_complete_genome	genome	-	NZ_CP027373.1	at_nt_shob_ohsc_sr	NaN - rows are merged	blastn	NaN - rows are merged	3293996	3293920	77	1	77	77	4904151
11456bt	Escherichia_coli_strain_05_3629_chromosome_complete_genome	genome	+	NZ_CP027373.1	t_nt_shob_ohsc_sr	NaN - rows are merged	blastn	NaN - rows are merged	3294319	3294399	81	1	81	81	4904151
1353bt	Escherichia_coli_strain_05_3629_chromosome_complete_genome	genome	+	NZ_CP027373.1	t_pro_shob_ohsc_sr	NaN - rows are merged	tblastn	NaN - rows are merged	3294319	3294396	78	1	26	26	4904151
1110bt	Escherichia_coli_strain_06_00048_chromosome_complete_genome	genome	-	NZ_CP015229.1	t_pro_shob_ohsc_sr	NaN - rows are merged	tblastn	NaN - rows are merged	3301730	3301653	78	1	26	26	5498453
10509bt	Escherichia_coli_strain_06_00048_chromosome_complete_genome	genome	-	NZ_CP015229.1	t_nt_shob_ohsc_sr	NaN - rows are merged	blastn	NaN - rows are merged	3301730	3301650	81	1	81	81	5498453
11583bat	Escherichia_coli_strain_06_00048_chromosome_complete_genome	genome	+	NZ_CP015229.1	at_nt_shob_ohsc_sr	NaN - rows are merged	blastn	NaN - rows are merged	3302065	3302131	67	1	67	67	5498453
11455bt	Escherichia_coli_strain_06_3462_chromosome_complete_genome	genome	-	NZ_CP034794.1	t_nt_shob_ohsc_sr	NaN - rows are merged	blastn	NaN - rows are merged	3158681	3158601	81	1	81	81	5450250
109bt	Escherichia_coli_strain_06_3462_chromosome_complete_genome	genome	-	NZ_CP034794.1	t_pro_shob_ohsc_sr	NaN - rows are merged	tblastn	NaN - rows are merged	3158681	3158604	78	1	26	26	5450250
11775bat	Escherichia_coli_strain_06_3462_chromosome_complete_genome	genome	+	NZ_CP034794.1	at_nt_shob_ohsc_sr	NaN - rows are merged	blastn	NaN - rows are merged	3159016	3159081	66	1	67	67	5450250
11454bt	Escherichia_coli_strain_08_00022_complete_genome	genome	-	NZ_CP013662.1	t_nt_shob_ohsc_sr	NaN - rows are merged	blastn	NaN - rows are merged	3101667	3101587	81	1	81	81	5213998
1209bt	Escherichia_coli_strain_08_00022_complete_genome	genome	-	NZ_CP013662.1	t_pro_shob_ohsc_sr	NaN - rows are merged	tblastn	NaN - rows are merged	3101667	3101590	78	1	26	26	5213998
10016bat	Escherichia_coli_strain_08_00022_complete_genome	genome	+	NZ_CP013662.1	at_nt_shob_ohsc_sr	NaN - rows are merged	blastn	NaN - rows are merged	3101990	3102066	77	1	77	77	5213998
11774bat	Escherichia_coli_strain_08_3914_chromosome_complete_genome	genome	-	NZ_CP034808.1	at_nt_shob_ohsc_sr	NaN - rows are merged	blastn	NaN - rows are merged	3391555	3391490	66	1	67	67	5529684
11453bt	Escherichia_coli_strain_08_3914_chromosome_complete_genome	genome	+	NZ_CP034808.1	t_nt_shob_ohsc_sr	NaN - rows are merged	blastn	NaN - rows are merged	3391890	3391970	81	1	81	81	5529684
1098bt	Escherichia_coli_strain_08_3914_chromosome_complete_genome	genome	+	NZ_CP034808.1	t_pro_shob_ohsc_sr	NaN - rows are merged	tblastn	NaN - rows are merged	3391890	3391967	78	1	26	26	5529684
11452bt	Escherichia_coli_strain_08_3918_chromosome_complete_genome	genome	-	NZ_CP034797.1	t_nt_shob_ohsc_sr	NaN - rows are merged	blastn	NaN - rows are merged	1679070	1678990	81	1	81	81	5428647
1138bt	Escherichia_coli_strain_08_3918_chromosome_complete_genome	genome	-	NZ_CP034797.1	t_pro_shob_ohsc_sr	NaN - rows are merged	tblastn	NaN - rows are merged	1679070	1678993	78	1	26	26	5428647
11773bat	Escherichia_coli_strain_08_3918_chromosome_complete_genome	genome	+	NZ_CP034797.1	at_nt_shob_ohsc_sr	NaN - rows are merged	blastn	NaN - rows are merged	1679405	1679470	66	1	67	67	5428647
11451bt	Escherichia_coli_strain_09_00049_complete_genome	genome	-	NZ_CP015228.1	t_nt_shob_ohsc_sr	NaN - rows are merged	blastn	NaN - rows are merged	3291901	3291821	81	1	81	81	5286558
1188bt	Escherichia_coli_strain_09_00049_complete_genome	genome	-	NZ_CP015228.1	t_pro_shob_ohsc_sr	NaN - rows are merged	tblastn	NaN - rows are merged	3291901	3291824	78	1	26	26	5286558
10015bat	Escherichia_coli_strain_09_00049_complete_genome	genome	+	NZ_CP015228.1	at_nt_shob_ohsc_sr	NaN - rows are merged	blastn	NaN - rows are merged	3292224	3292300	77	1	77	77	5286558
10014bat	Escherichia_coli_strain_103605_chromosome_complete_genome	genome	-	NZ_CP025920.1	at_nt_shob_ohsc_sr	NaN - rows are merged	blastn	NaN - rows are merged	3675398	3675322	77	1	77	77	5118381
11450bt	Escherichia_coli_strain_103605_chromosome_complete_genome	genome	+	NZ_CP025920.1	t_nt_shob_ohsc_sr	NaN - rows are merged	blastn	NaN - rows are merged	3675721	3675801	81	1	81	81	5118381
1243bt	Escherichia_coli_strain_103605_chromosome_complete_genome	genome	+	NZ_CP025920.1	t_pro_shob_ohsc_sr	NaN - rows are merged	tblastn	NaN - rows are merged	3675721	3675798	78	1	26	26	5118381
11768bat	Escherichia_coli_strain_103_chromosome_complete_genome	genome	-	NZ_CP020495.1	at_nt_shob_ohsc_sr	NaN - rows are merged	blastn	NaN - rows are merged	1273454	1273378	77	1	77	77	5162123
10508bt	Escherichia_coli_strain_103_chromosome_complete_genome	genome	+	NZ_CP020495.1	t_nt_shob_ohsc_sr	NaN - rows are merged	blastn	NaN - rows are merged	1273777	1273857	81	1	81	81	5162123
1229bt	Escherichia_coli_strain_103_chromosome_complete_genome	genome	+	NZ_CP020495.1	t_pro_shob_ohsc_sr	NaN - rows are merged	tblastn	NaN - rows are merged	1273777	1273854	78	1	26	26	5162123
13090bat	Escherichia_coli_strain_104_chromosome_complete_genome	genome	-	NZ_CP029164.1	at_nt_shob_ohsc_sr	NaN - rows are merged	blastn	NaN - rows are merged	2179435	2179369	67	1	66	66	4971313
13959bt	Escherichia_coli_strain_104_chromosome_complete_genome	genome	+	NZ_CP029164.1	t_nt_shob_ohsc_sr	NaN - rows are merged	blastn	NaN - rows are merged	2179770	2179850	81	1	81	81	4971313
11449bt	Escherichia_coli_strain_10671_chromosome_complete_genome	genome	-	NZ_CP018250.1	t_nt_shob_ohsc_sr	NaN - rows are merged	blastn	NaN - rows are merged	3390280	3390200	81	1	81	81	5428751
1137bt	Escherichia_coli_strain_10671_chromosome_complete_genome	genome	-	NZ_CP018250.1	t_pro_shob_ohsc_sr	NaN - rows are merged	tblastn	NaN - rows are merged	3390280	3390203	78	1	26	26	5428751
11771bat	Escherichia_coli_strain_10671_chromosome_complete_genome	genome	+	NZ_CP018250.1	at_nt_shob_ohsc_sr	NaN - rows are merged	blastn	NaN - rows are merged	3390615	3390680	66	1	67	67	5428751
11770bat	Escherichia_coli_strain_1105_chromosome_complete_genome	genome	-	NZ_CP023388.1	at_nt_shob_ohsc_sr	NaN - rows are merged	blastn	NaN - rows are merged	1494840	1494775	66	1	67	67	5059652
10058bt	Escherichia_coli_strain_1105_chromosome_complete_genome	genome	+	NZ_CP023388.1	t_nt_shob_ohsc_sr	NaN - rows are merged	blastn	NaN - rows are merged	1495175	1495255	81	1	81	81	5059652
10507bt	Escherichia_coli_strain_118UI_chromosome_complete_genome	genome	-	NZ_CP032515.1	t_nt_shob_ohsc_sr	NaN - rows are merged	blastn	NaN - rows are merged	3017907	3017827	81	1	81	81	5205677
1213bt	Escherichia_coli_strain_118UI_chromosome_complete_genome	genome	-	NZ_CP032515.1	t_pro_shob_ohsc_sr	NaN - rows are merged	tblastn	NaN - rows are merged	3017907	3017830	78	1	26	26	5205677
10606bat	Escherichia_coli_strain_118UI_chromosome_complete_genome	genome	+	NZ_CP032515.1	at_nt_shob_ohsc_sr	NaN - rows are merged	blastn	NaN - rows are merged	3018230	3018306	77	1	76	76	5205677
13089bat	Escherichia_coli_strain_1190_chromosome_complete_genome	genome	-	NZ_CP023386.1	at_nt_shob_ohsc_sr	NaN - rows are merged	blastn	NaN - rows are merged	1312982	1312916	67	1	66	66	4900891
12972bt	Escherichia_coli_strain_1190_chromosome_complete_genome	genome	+	NZ_CP023386.1	t_nt_shob_ohsc_sr	NaN - rows are merged	blastn	NaN - rows are merged	1313317	1313397	81	1	81	81	4900891
1539bt	Escherichia_coli_strain_1190_chromosome_complete_genome	genome	+	NZ_CP023386.1	t_pro_shob_ohsc_sr	NaN - rows are merged	tblastn	NaN - rows are merged	1313317	1313394	78	1	26	26	4900891
10013bat	Escherichia_coli_strain_120899_chromosome_complete_genome	genome	-	NZ_CP025916.1	at_nt_shob_ohsc_sr	NaN - rows are merged	blastn	NaN - rows are merged	3639028	3638952	77	1	77	77	5115137
11448bt	Escherichia_coli_strain_120899_chromosome_complete_genome	genome	+	NZ_CP025916.1	t_nt_shob_ohsc_sr	NaN - rows are merged	blastn	NaN - rows are merged	3639351	3639431	81	1	81	81	5115137
1245bt	Escherichia_coli_strain_120899_chromosome_complete_genome	genome	+	NZ_CP025916.1	t_pro_shob_ohsc_sr	NaN - rows are merged	tblastn	NaN - rows are merged	3639351	3639428	78	1	26	26	5115137
11447bt	Escherichia_coli_strain_1223_chromosome_complete_genome	genome	-	NZ_CP023383.1	t_nt_shob_ohsc_sr	NaN - rows are merged	blastn	NaN - rows are merged	3448658	3448578	81	1	81	81	4716432
1011bt	Escherichia_coli_strain_1223_chromosome_complete_genome	genome	-	NZ_CP023383.1	t_pro_shob_ohsc_sr	NaN - rows are merged	tblastn	NaN - rows are merged	3448658	3448581	78	1	26	26	4716432
10012bat	Escherichia_coli_strain_1223_chromosome_complete_genome	genome	+	NZ_CP023383.1	at_nt_shob_ohsc_sr	NaN - rows are merged	blastn	NaN - rows are merged	3448981	3449057	77	1	77	77	4716432
10011bat	Escherichia_coli_strain_127_chromosome_complete_genome	genome	-	NZ_CP023377.1	at_nt_shob_ohsc_sr	NaN - rows are merged	blastn	NaN - rows are merged	1225214	1225138	77	1	77	77	4697886
1028bt	Escherichia_coli_strain_127_chromosome_complete_genome	genome	+	NZ_CP023377.1	t_pro_shob_ohsc_sr	NaN - rows are merged	tblastn	NaN - rows are merged	1225537	1225614	78	1	26	26	4697886
11446bt	Escherichia_coli_strain_127_chromosome_complete_genome	genome	+	NZ_CP023377.1	t_nt_shob_ohsc_sr	NaN - rows are merged	blastn	NaN - rows are merged	1225537	1225617	81	1	81	81	4697886
14289bat	Escherichia_coli_strain_1283_chromosome_complete_genome	genome	-	NZ_CP023371.1	at_nt_shob_ohsc_sr	NaN - rows are merged	blastn	NaN - rows are merged	1207576	1207501	76	2	64	64	4677088
11445bt	Escherichia_coli_strain_1283_chromosome_complete_genome	genome	+	NZ_CP023371.1	t_nt_shob_ohsc_sr	NaN - rows are merged	blastn	NaN - rows are merged	1207899	1207979	81	1	81	81	4677088
1010bt	Escherichia_coli_strain_1283_chromosome_complete_genome	genome	+	NZ_CP023371.1	t_pro_shob_ohsc_sr	NaN - rows are merged	tblastn	NaN - rows are merged	1207899	1207976	78	1	26	26	4677088
10010bat	Escherichia_coli_strain_13E0725_chromosome_complete_genome	genome	-	NZ_CP020092.1	at_nt_shob_ohsc_sr	NaN - rows are merged	blastn	NaN - rows are merged	1425437	1425361	77	1	77	77	5112484
11444bt	Escherichia_coli_strain_13E0725_chromosome_complete_genome	genome	+	NZ_CP020092.1	t_nt_shob_ohsc_sr	NaN - rows are merged	blastn	NaN - rows are merged	1425760	1425840	81	1	81	81	5112484
1246bt	Escherichia_coli_strain_13E0725_chromosome_complete_genome	genome	+	NZ_CP020092.1	t_pro_shob_ohsc_sr	NaN - rows are merged	tblastn	NaN - rows are merged	1425760	1425837	78	1	26	26	5112484
10009bat	Escherichia_coli_strain_13E0767_chromosome_complete_genome	genome	-	NZ_CP020107.1	at_nt_shob_ohsc_sr	NaN - rows are merged	blastn	NaN - rows are merged	1457544	1457468	77	1	77	77	4942246
11443bt	Escherichia_coli_strain_13E0767_chromosome_complete_genome	genome	+	NZ_CP020107.1	t_nt_shob_ohsc_sr	NaN - rows are merged	blastn	NaN - rows are merged	1457867	1457947	81	1	81	81	4942246
1327bt	Escherichia_coli_strain_13E0767_chromosome_complete_genome	genome	+	NZ_CP020107.1	t_pro_shob_ohsc_sr	NaN - rows are merged	tblastn	NaN - rows are merged	1457867	1457944	78	1	26	26	4942246
10008bat	Escherichia_coli_strain_13E0780_chromosome_complete_genome	genome	-	NZ_CP020106.1	at_nt_shob_ohsc_sr	NaN - rows are merged	blastn	NaN - rows are merged	1458586	1458510	77	1	77	77	5371291
11442bt	Escherichia_coli_strain_13E0780_chromosome_complete_genome	genome	+	NZ_CP020106.1	t_nt_shob_ohsc_sr	NaN - rows are merged	blastn	NaN - rows are merged	1458909	1458989	81	1	81	81	5371291
1161bt	Escherichia_coli_strain_13E0780_chromosome_complete_genome	genome	+	NZ_CP020106.1	t_pro_shob_ohsc_sr	NaN - rows are merged	tblastn	NaN - rows are merged	1458909	1458986	78	1	26	26	5371291
13088bat	Escherichia_coli_strain_1428_chromosome_complete_genome	genome	-	NZ_CP023366.1	at_nt_shob_ohsc_sr	NaN - rows are merged	blastn	NaN - rows are merged	1316157	1316091	67	1	66	66	4986712
10093bt	Escherichia_coli_strain_1428_chromosome_complete_genome	genome	+	NZ_CP023366.1	t_nt_shob_ohsc_sr	NaN - rows are merged	blastn	NaN - rows are merged	1316492	1316572	81	1	81	81	4986712
12237bat	Escherichia_coli_strain_144_chromosome_complete_genome	genome	-	NZ_CP023364.1	at_nt_shob_ohsc_sr	NaN - rows are merged	blastn	NaN - rows are merged	1358988	1358912	77	1	76	76	5134443
1239bt	Escherichia_coli_strain_144_chromosome_complete_genome	genome	+	NZ_CP023364.1	t_pro_shob_ohsc_sr	NaN - rows are merged	tblastn	NaN - rows are merged	1359311	1359388	78	1	26	26	5134443
10506bt	Escherichia_coli_strain_144_chromosome_complete_genome	genome	+	NZ_CP023364.1	t_nt_shob_ohsc_sr	NaN - rows are merged	blastn	NaN - rows are merged	1359311	1359391	81	1	81	81	5134443
10007bat	Escherichia_coli_strain_14EC001_chromosome_complete_genome	genome	-	NZ_CP024127.1	at_nt_shob_ohsc_sr	NaN - rows are merged	blastn	NaN - rows are merged	1201787	1201711	77	1	77	77	5072975
11441bt	Escherichia_coli_strain_14EC001_chromosome_complete_genome	genome	+	NZ_CP024127.1	t_nt_shob_ohsc_sr	NaN - rows are merged	blastn	NaN - rows are merged	1202110	1202190	81	1	81	81	5072975
1267bt	Escherichia_coli_strain_14EC001_chromosome_complete_genome	genome	+	NZ_CP024127.1	t_pro_shob_ohsc_sr	NaN - rows are merged	tblastn	NaN - rows are merged	1202110	1202187	78	1	26	26	5072975
10006bat	Escherichia_coli_strain_14EC007_chromosome_complete_genome	genome	-	NZ_CP024131.1	at_nt_shob_ohsc_sr	NaN - rows are merged	blastn	NaN - rows are merged	1215956	1215880	77	1	77	77	5084741
11440bt	Escherichia_coli_strain_14EC007_chromosome_complete_genome	genome	+	NZ_CP024131.1	t_nt_shob_ohsc_sr	NaN - rows are merged	blastn	NaN - rows are merged	1216279	1216359	81	1	81	81	5084741
1264bt	Escherichia_coli_strain_14EC007_chromosome_complete_genome	genome	+	NZ_CP024131.1	t_pro_shob_ohsc_sr	NaN - rows are merged	tblastn	NaN - rows are merged	1216279	1216356	78	1	26	26	5084741
10005bat	Escherichia_coli_strain_14EC017_chromosome_complete_genome	genome	-	NZ_CP024134.1	at_nt_shob_ohsc_sr	NaN - rows are merged	blastn	NaN - rows are merged	1253049	1252973	77	1	77	77	5199281
11439bt	Escherichia_coli_strain_14EC017_chromosome_complete_genome	genome	+	NZ_CP024134.1	t_nt_shob_ohsc_sr	NaN - rows are merged	blastn	NaN - rows are merged	1253372	1253452	81	1	81	81	5199281
1215bt	Escherichia_coli_strain_14EC017_chromosome_complete_genome	genome	+	NZ_CP024134.1	t_pro_shob_ohsc_sr	NaN - rows are merged	tblastn	NaN - rows are merged	1253372	1253449	78	1	26	26	5199281
13087bat	Escherichia_coli_strain_14EC020_chromosome_complete_genome	genome	-	NZ_CP024138.1	at_nt_shob_ohsc_sr	NaN - rows are merged	blastn	NaN - rows are merged	1288654	1288588	67	1	66	66	4914884
13947bt	Escherichia_coli_strain_14EC020_chromosome_complete_genome	genome	+	NZ_CP024138.1	t_nt_shob_ohsc_sr	NaN - rows are merged	blastn	NaN - rows are merged	1288989	1289069	81	1	81	81	4914884
10004bat	Escherichia_coli_strain_14EC029_chromosome_complete_genome	genome	-	NZ_CP024141.1	at_nt_shob_ohsc_sr	NaN - rows are merged	blastn	NaN - rows are merged	1248552	1248476	77	1	77	77	4981062
11438bt	Escherichia_coli_strain_14EC029_chromosome_complete_genome	genome	+	NZ_CP024141.1	t_nt_shob_ohsc_sr	NaN - rows are merged	blastn	NaN - rows are merged	1248875	1248955	81	1	81	81	4981062
1307bt	Escherichia_coli_strain_14EC029_chromosome_complete_genome	genome	+	NZ_CP024141.1	t_pro_shob_ohsc_sr	NaN - rows are merged	tblastn	NaN - rows are merged	1248875	1248952	78	1	26	26	4981062
11437bt	Escherichia_coli_strain_14EC033_chromosome_complete_genome	genome	-	NZ_CP024147.1	t_nt_shob_ohsc_sr	NaN - rows are merged	blastn	NaN - rows are merged	3462420	3462340	81	1	81	81	4639454
11767bat	Escherichia_coli_strain_14EC033_chromosome_complete_genome	genome	+	NZ_CP024147.1	at_nt_shob_ohsc_sr	NaN - rows are merged	blastn	NaN - rows are merged	3462755	3462820	66	1	67	67	4639454
10003bat	Escherichia_coli_strain_14EC047_chromosome_complete_genome	genome	-	NZ_CP024155.1	at_nt_shob_ohsc_sr	NaN - rows are merged	blastn	NaN - rows are merged	1246212	1246136	77	1	77	77	5060393
11436bt	Escherichia_coli_strain_14EC047_chromosome_complete_genome	genome	+	NZ_CP024155.1	t_nt_shob_ohsc_sr	NaN - rows are merged	blastn	NaN - rows are merged	1246535	1246615	81	1	81	81	5060393
1272bt	Escherichia_coli_strain_14EC047_chromosome_complete_genome	genome	+	NZ_CP024155.1	t_pro_shob_ohsc_sr	NaN - rows are merged	tblastn	NaN - rows are merged	1246535	1246612	78	1	26	26	5060393
1104bt	Escherichia_coli_strain_155_complete_genome	genome	-	NZ_CP018237.1	t_pro_shob_ohsc_sr	NaN - rows are merged	tblastn	NaN - rows are merged	3449391	3449314	78	1	26	26	5513008
11435bt	Escherichia_coli_strain_155_complete_genome	genome	-	NZ_CP018237.1	t_nt_shob_ohsc_sr	NaN - rows are merged	blastn	NaN - rows are merged	3449391	3449311	81	1	81	81	5513008
11766bat	Escherichia_coli_strain_155_complete_genome	genome	+	NZ_CP018237.1	at_nt_shob_ohsc_sr	NaN - rows are merged	blastn	NaN - rows are merged	3449726	3449791	66	1	67	67	5513008
10002bat	Escherichia_coli_strain_1943_chromosome_complete_genome	genome	-	NZ_CP023359.1	at_nt_shob_ohsc_sr	NaN - rows are merged	blastn	NaN - rows are merged	1240797	1240721	77	1	77	77	4780635
11434bt	Escherichia_coli_strain_1943_chromosome_complete_genome	genome	+	NZ_CP023359.1	t_nt_shob_ohsc_sr	NaN - rows are merged	blastn	NaN - rows are merged	1241120	1241200	81	1	81	81	4780635
1461bt	Escherichia_coli_strain_1943_chromosome_complete_genome	genome	+	NZ_CP023359.1	t_pro_shob_ohsc_sr	NaN - rows are merged	tblastn	NaN - rows are merged	1241120	1241197	78	1	26	26	4780635
11433bt	Escherichia_coli_strain_1A_chromosome_complete_genome	genome	-	NZ_CP026361.1	t_nt_shob_ohsc_sr	NaN - rows are merged	blastn	NaN - rows are merged	2700197	2700117	81	1	81	81	4651857
1024bt	Escherichia_coli_strain_1A_chromosome_complete_genome	genome	-	NZ_CP026361.1	t_pro_shob_ohsc_sr	NaN - rows are merged	tblastn	NaN - rows are merged	2700197	2700120	78	1	26	26	4651857
10001bat	Escherichia_coli_strain_1A_chromosome_complete_genome	genome	+	NZ_CP026361.1	at_nt_shob_ohsc_sr	NaN - rows are merged	blastn	NaN - rows are merged	2700520	2700596	77	1	77	77	4651857
11432bt	Escherichia_coli_strain_1FA_chromosome_complete_genome	genome	-	NZ_CP026360.1	t_nt_shob_ohsc_sr	NaN - rows are merged	blastn	NaN - rows are merged	2700197	2700117	81	1	81	81	4651849
1035bt	Escherichia_coli_strain_1FA_chromosome_complete_genome	genome	-	NZ_CP026360.1	t_pro_shob_ohsc_sr	NaN - rows are merged	tblastn	NaN - rows are merged	2700197	2700120	78	1	26	26	4651849
10000bat	Escherichia_coli_strain_1FA_chromosome_complete_genome	genome	+	NZ_CP026360.1	at_nt_shob_ohsc_sr	NaN - rows are merged	blastn	NaN - rows are merged	2700520	2700596	77	1	77	77	4651849
13086bat	Escherichia_coli_strain_2009C_3133_complete_genome	genome	-	NZ_CP013025.1	at_nt_shob_ohsc_sr	NaN - rows are merged	blastn	NaN - rows are merged	3613540	3613474	67	1	66	66	5155368
13939bt	Escherichia_coli_strain_2009C_3133_complete_genome	genome	+	NZ_CP013025.1	t_nt_shob_ohsc_sr	NaN - rows are merged	blastn	NaN - rows are merged	3613875	3613955	81	1	81	81	5155368
11765bat	Escherichia_coli_strain_2009C_3378_chromosome_complete_genome	genome	-	NZ_CP034792.1	at_nt_shob_ohsc_sr	NaN - rows are merged	blastn	NaN - rows are merged	418590	418525	66	1	67	67	5420971
11431bt	Escherichia_coli_strain_2009C_3378_chromosome_complete_genome	genome	+	NZ_CP034792.1	t_nt_shob_ohsc_sr	NaN - rows are merged	blastn	NaN - rows are merged	418925	419005	81	1	81	81	5420971
1141bt	Escherichia_coli_strain_2009C_3378_chromosome_complete_genome	genome	+	NZ_CP034792.1	t_pro_shob_ohsc_sr	NaN - rows are merged	tblastn	NaN - rows are merged	418925	419002	78	1	26	26	5420971
11764bat	Escherichia_coli_strain_2009C_3554_chromosome_complete_genome	genome	-	NZ_CP034803.1	at_nt_shob_ohsc_sr	NaN - rows are merged	blastn	NaN - rows are merged	4361109	4361044	66	1	67	67	5496616
11430bt	Escherichia_coli_strain_2009C_3554_chromosome_complete_genome	genome	+	NZ_CP034803.1	t_nt_shob_ohsc_sr	NaN - rows are merged	blastn	NaN - rows are merged	4361444	4361524	81	1	81	81	5496616
1111bt	Escherichia_coli_strain_2009C_3554_chromosome_complete_genome	genome	+	NZ_CP034803.1	t_pro_shob_ohsc_sr	NaN - rows are merged	tblastn	NaN - rows are merged	4361444	4361521	78	1	26	26	5496616
11763bat	Escherichia_coli_strain_2009C_4687_chromosome_complete_genome	genome	-	NZ_CP034799.1	at_nt_shob_ohsc_sr	NaN - rows are merged	blastn	NaN - rows are merged	3392321	3392256	66	1	67	67	5480158
11429bt	Escherichia_coli_strain_2009C_4687_chromosome_complete_genome	genome	+	NZ_CP034799.1	t_nt_shob_ohsc_sr	NaN - rows are merged	blastn	NaN - rows are merged	3392656	3392736	81	1	81	81	5480158
1117bt	Escherichia_coli_strain_2009C_4687_chromosome_complete_genome	genome	+	NZ_CP034799.1	t_pro_shob_ohsc_sr	NaN - rows are merged	tblastn	NaN - rows are merged	3392656	3392733	78	1	26	26	5480158
11762bat	Escherichia_coli_strain_2010C_3142_chromosome_complete_genome	genome	-	NZ_CP034801.1	at_nt_shob_ohsc_sr	NaN - rows are merged	blastn	NaN - rows are merged	3385552	3385487	66	1	67	67	5478884
11428bt	Escherichia_coli_strain_2010C_3142_chromosome_complete_genome	genome	+	NZ_CP034801.1	t_nt_shob_ohsc_sr	NaN - rows are merged	blastn	NaN - rows are merged	3385887	3385967	81	1	81	81	5478884
100bt	Escherichia_coli_strain_2010C_3142_chromosome_complete_genome	genome	+	NZ_CP034801.1	t_pro_shob_ohsc_sr	NaN - rows are merged	tblastn	NaN - rows are merged	3385887	3385964	78	1	26	26	5478884
11427bt	Escherichia_coli_strain_2010C_3347_chromosome_complete_genome	genome	-	NZ_CP034806.1	t_nt_shob_ohsc_sr	NaN - rows are merged	blastn	NaN - rows are merged	3892847	3892767	81	1	81	81	5542751
1097bt	Escherichia_coli_strain_2010C_3347_chromosome_complete_genome	genome	-	NZ_CP034806.1	t_pro_shob_ohsc_sr	NaN - rows are merged	tblastn	NaN - rows are merged	3892847	3892770	78	1	26	26	5542751
11761bat	Escherichia_coli_strain_2010C_3347_chromosome_complete_genome	genome	+	NZ_CP034806.1	at_nt_shob_ohsc_sr	NaN - rows are merged	blastn	NaN - rows are merged	3893182	3893247	66	1	67	67	5542751
11426bt	Escherichia_coli_strain_2011C_3911_complete_genome	genome	-	NZ_CP015240.1	t_nt_shob_ohsc_sr	NaN - rows are merged	blastn	NaN - rows are merged	676208	676128	81	1	81	81	4863599
1390bt	Escherichia_coli_strain_2011C_3911_complete_genome	genome	-	NZ_CP015240.1	t_pro_shob_ohsc_sr	NaN - rows are merged	tblastn	NaN - rows are merged	676208	676131	78	1	26	26	4863599
10438bat	Escherichia_coli_strain_2011C_3911_complete_genome	genome	+	NZ_CP015240.1	at_nt_shob_ohsc_sr	NaN - rows are merged	blastn	NaN - rows are merged	676531	676607	77	1	77	77	4863599
10437bat	Escherichia_coli_strain_2011C_4251_chromosome_complete_genome	genome	-	NZ_CP027388.1	at_nt_shob_ohsc_sr	NaN - rows are merged	blastn	NaN - rows are merged	5113668	5113592	77	1	77	77	5440026
10971bt	Escherichia_coli_strain_2011C_4251_chromosome_complete_genome	genome	+	NZ_CP027388.1	t_nt_shob_ohsc_sr	NaN - rows are merged	blastn	NaN - rows are merged	5113991	5114071	81	1	81	81	5440026
112bt	Escherichia_coli_strain_2011C_4251_chromosome_complete_genome	genome	+	NZ_CP027388.1	t_pro_shob_ohsc_sr	NaN - rows are merged	tblastn	NaN - rows are merged	5113991	5114068	78	1	26	26	5440026
10436bat	Escherichia_coli_strain_2011C_4315_chromosome_complete_genome	genome	-	NZ_CP024479.1	at_nt_shob_ohsc_sr	NaN - rows are merged	blastn	NaN - rows are merged	4620322	4620246	77	1	77	77	5336099
10970bt	Escherichia_coli_strain_2011C_4315_chromosome_complete_genome	genome	+	NZ_CP024479.1	t_nt_shob_ohsc_sr	NaN - rows are merged	blastn	NaN - rows are merged	4620645	4620725	81	1	81	81	5336099
1173bt	Escherichia_coli_strain_2011C_4315_chromosome_complete_genome	genome	+	NZ_CP024479.1	t_pro_shob_ohsc_sr	NaN - rows are merged	tblastn	NaN - rows are merged	4620645	4620722	78	1	26	26	5336099
13085bat	Escherichia_coli_strain_2012C_4221_chromosome_complete_genome	genome	-	NZ_CP027437.1	at_nt_shob_ohsc_sr	NaN - rows are merged	blastn	NaN - rows are merged	4328670	4328604	67	1	66	66	5012557
10969bt	Escherichia_coli_strain_2012C_4221_chromosome_complete_genome	genome	+	NZ_CP027437.1	t_nt_shob_ohsc_sr	NaN - rows are merged	blastn	NaN - rows are merged	4329005	4329085	81	1	81	81	5012557
1295bt	Escherichia_coli_strain_2012C_4221_chromosome_complete_genome	genome	+	NZ_CP027437.1	t_pro_shob_ohsc_sr	NaN - rows are merged	tblastn	NaN - rows are merged	4329005	4329082	78	1	26	26	5012557
10968bt	Escherichia_coli_strain_2012C_4227_complete_genome	genome	-	NZ_CP013029.1	t_nt_shob_ohsc_sr	NaN - rows are merged	blastn	NaN - rows are merged	3596872	3596792	81	1	81	81	5202850
1214bt	Escherichia_coli_strain_2012C_4227_complete_genome	genome	-	NZ_CP013029.1	t_pro_shob_ohsc_sr	NaN - rows are merged	tblastn	NaN - rows are merged	3596872	3596795	78	1	26	26	5202850
10435bat	Escherichia_coli_strain_2012C_4227_complete_genome	genome	+	NZ_CP013029.1	at_nt_shob_ohsc_sr	NaN - rows are merged	blastn	NaN - rows are merged	3597195	3597271	77	1	77	77	5202850
13928bt	Escherichia_coli_strain_2012C_4502_chromosome_complete_genome	genome	-	NZ_CP027440.1	t_nt_shob_ohsc_sr	NaN - rows are merged	blastn	NaN - rows are merged	1680326	1680246	81	1	81	81	4892666
11579bat	Escherichia_coli_strain_2012C_4502_chromosome_complete_genome	genome	+	NZ_CP027440.1	at_nt_shob_ohsc_sr	NaN - rows are merged	blastn	NaN - rows are merged	1680661	1680727	67	1	67	67	4892666
10967bt	Escherichia_coli_strain_2012C_4606_chromosome_complete_genome	genome	-	NZ_CP027352.1	t_nt_shob_ohsc_sr	NaN - rows are merged	blastn	NaN - rows are merged	2323978	2323898	81	1	81	81	5647195
1080bt	Escherichia_coli_strain_2012C_4606_chromosome_complete_genome	genome	-	NZ_CP027352.1	t_pro_shob_ohsc_sr	NaN - rows are merged	tblastn	NaN - rows are merged	2323978	2323901	78	1	26	26	5647195
10434bat	Escherichia_coli_strain_2012C_4606_chromosome_complete_genome	genome	+	NZ_CP027352.1	at_nt_shob_ohsc_sr	NaN - rows are merged	blastn	NaN - rows are merged	2324301	2324377	77	1	77	77	5647195
10966bt	Escherichia_coli_strain_2012EL_2448_chromosome_complete_genome	genome	-	NZ_CP027586.1	t_nt_shob_ohsc_sr	NaN - rows are merged	blastn	NaN - rows are merged	948462	948382	81	1	81	81	5272286
1195bt	Escherichia_coli_strain_2012EL_2448_chromosome_complete_genome	genome	-	NZ_CP027586.1	t_pro_shob_ohsc_sr	NaN - rows are merged	tblastn	NaN - rows are merged	948462	948385	78	1	26	26	5272286
10433bat	Escherichia_coli_strain_2012EL_2448_chromosome_complete_genome	genome	+	NZ_CP027586.1	at_nt_shob_ohsc_sr	NaN - rows are merged	blastn	NaN - rows are merged	948785	948861	77	1	77	77	5272286
1139bt	Escherichia_coli_strain_2013C_3033_chromosome_complete_genome	genome	-	NZ_CP027323.1	t_pro_shob_ohsc_sr	NaN - rows are merged	tblastn	NaN - rows are merged	2782003	2781926	78	1	26	26	5426201
10965bt	Escherichia_coli_strain_2013C_3033_chromosome_complete_genome	genome	-	NZ_CP027323.1	t_nt_shob_ohsc_sr	NaN - rows are merged	blastn	NaN - rows are merged	2782003	2781923	81	1	81	81	5426201
10432bat	Escherichia_coli_strain_2013C_3033_chromosome_complete_genome	genome	+	NZ_CP027323.1	at_nt_shob_ohsc_sr	NaN - rows are merged	blastn	NaN - rows are merged	2782326	2782402	77	1	77	77	5426201
10431bat	Escherichia_coli_strain_2013C_3181_chromosome_complete_genome	genome	-	NZ_CP027312.1	at_nt_shob_ohsc_sr	NaN - rows are merged	blastn	NaN - rows are merged	5000522	5000446	77	1	77	77	5167951
10964bt	Escherichia_coli_strain_2013C_3181_chromosome_complete_genome	genome	+	NZ_CP027312.1	t_nt_shob_ohsc_sr	NaN - rows are merged	blastn	NaN - rows are merged	5000845	5000925	81	1	81	81	5167951
1228bt	Escherichia_coli_strain_2013C_3181_chromosome_complete_genome	genome	+	NZ_CP027312.1	t_pro_shob_ohsc_sr	NaN - rows are merged	tblastn	NaN - rows are merged	5000845	5000922	78	1	26	26	5167951
10430bat	Escherichia_coli_strain_2013C_3250_chromosome_complete_genome	genome	-	NZ_CP027380.1	at_nt_shob_ohsc_sr	NaN - rows are merged	blastn	NaN - rows are merged	1067101	1067025	77	1	77	77	5401672
10963bt	Escherichia_coli_strain_2013C_3250_chromosome_complete_genome	genome	+	NZ_CP027380.1	t_nt_shob_ohsc_sr	NaN - rows are merged	blastn	NaN - rows are merged	1067424	1067504	81	1	81	81	5401672
1152bt	Escherichia_coli_strain_2013C_3250_chromosome_complete_genome	genome	+	NZ_CP027380.1	t_pro_shob_ohsc_sr	NaN - rows are merged	tblastn	NaN - rows are merged	1067424	1067501	78	1	26	26	5401672
10962bt	Escherichia_coli_strain_2013C_3252_chromosome_complete_genome	genome	-	NZ_CP027442.1	t_nt_shob_ohsc_sr	NaN - rows are merged	blastn	NaN - rows are merged	1990094	1990014	81	1	81	81	5636732
104bt	Escherichia_coli_strain_2013C_3252_chromosome_complete_genome	genome	-	NZ_CP027442.1	t_pro_shob_ohsc_sr	NaN - rows are merged	tblastn	NaN - rows are merged	1990094	1990017	78	1	26	26	5636732
10429bat	Escherichia_coli_strain_2013C_3252_chromosome_complete_genome	genome	+	NZ_CP027442.1	at_nt_shob_ohsc_sr	NaN - rows are merged	blastn	NaN - rows are merged	1990417	1990493	77	1	77	77	5636732
10961bt	Escherichia_coli_strain_2013C_3264_chromosome_complete_genome	genome	-	NZ_CP027544.1	t_nt_shob_ohsc_sr	NaN - rows are merged	blastn	NaN - rows are merged	1569966	1569886	81	1	81	81	5486407
1115bt	Escherichia_coli_strain_2013C_3264_chromosome_complete_genome	genome	-	NZ_CP027544.1	t_pro_shob_ohsc_sr	NaN - rows are merged	tblastn	NaN - rows are merged	1569966	1569889	78	1	26	26	5486407
10604bat	Escherichia_coli_strain_2013C_3264_chromosome_complete_genome	genome	+	NZ_CP027544.1	at_nt_shob_ohsc_sr	NaN - rows are merged	blastn	NaN - rows are merged	1570289	1570364	76	1	76	76	5486407
10960bt	Escherichia_coli_strain_2013C_3277_chromosome_complete_genome	genome	-	NZ_CP027331.1	t_nt_shob_ohsc_sr	NaN - rows are merged	blastn	NaN - rows are merged	2525380	2525300	81	1	81	81	5438694
1131bt	Escherichia_coli_strain_2013C_3277_chromosome_complete_genome	genome	-	NZ_CP027331.1	t_pro_shob_ohsc_sr	NaN - rows are merged	tblastn	NaN - rows are merged	2525380	2525303	78	1	26	26	5438694
10428bat	Escherichia_coli_strain_2013C_3277_chromosome_complete_genome	genome	+	NZ_CP027331.1	at_nt_shob_ohsc_sr	NaN - rows are merged	blastn	NaN - rows are merged	2525703	2525779	77	1	77	77	5438694
10120bat	Escherichia_coli_strain_2013C_3304_chromosome	chromosome	-	NZ_CP027593.1	at_nt_shob_ohsc_sr	NaN - rows are merged	blastn	NaN - rows are merged	2102641	2102565	77	2	66	66	5310050
10929bt	Escherichia_coli_strain_2013C_3304_chromosome	chromosome	+	NZ_CP027593.1	t_nt_shob_ohsc_sr	NaN - rows are merged	blastn	NaN - rows are merged	2102964	2103044	81	1	81	81	5310050
1090bt	Escherichia_coli_strain_2013C_3304_chromosome	chromosome	+	NZ_CP027593.1	t_pro_shob_ohsc_sr	NaN - rows are merged	tblastn	NaN - rows are merged	2102964	2103041	78	1	26	26	5310050
10427bat	Escherichia_coli_strain_2013C_3342_chromosome_complete_genome	genome	-	NZ_CP027766.1	at_nt_shob_ohsc_sr	NaN - rows are merged	blastn	NaN - rows are merged	5449711	5449635	77	1	77	77	5489451
10959bt	Escherichia_coli_strain_2013C_3342_chromosome_complete_genome	genome	+	NZ_CP027766.1	t_nt_shob_ohsc_sr	NaN - rows are merged	blastn	NaN - rows are merged	5450034	5450114	81	1	81	81	5489451
1113bt	Escherichia_coli_strain_2013C_3342_chromosome_complete_genome	genome	+	NZ_CP027766.1	t_pro_shob_ohsc_sr	NaN - rows are merged	tblastn	NaN - rows are merged	5450034	5450111	78	1	26	26	5489451
10426bat	Escherichia_coli_strain_2013C_3492_chromosome_complete_genome	genome	-	NZ_CP027445.1	at_nt_shob_ohsc_sr	NaN - rows are merged	blastn	NaN - rows are merged	4258592	4258516	77	1	77	77	5196105
1217bt	Escherichia_coli_strain_2013C_3492_chromosome_complete_genome	genome	+	NZ_CP027445.1	t_pro_shob_ohsc_sr	NaN - rows are merged	tblastn	NaN - rows are merged	4258915	4258992	78	1	26	26	5196105
10958bt	Escherichia_coli_strain_2013C_3492_chromosome_complete_genome	genome	+	NZ_CP027445.1	t_nt_shob_ohsc_sr	NaN - rows are merged	blastn	NaN - rows are merged	4258915	4258995	81	1	81	81	5196105
10425bat	Escherichia_coli_strain_2013C_3513_chromosome_complete_genome	genome	-	NZ_CP027555.1	at_nt_shob_ohsc_sr	NaN - rows are merged	blastn	NaN - rows are merged	4532050	4531974	77	1	77	77	5584939
10957bt	Escherichia_coli_strain_2013C_3513_chromosome_complete_genome	genome	+	NZ_CP027555.1	t_nt_shob_ohsc_sr	NaN - rows are merged	blastn	NaN - rows are merged	4532373	4532453	81	1	81	81	5584939
1091bt	Escherichia_coli_strain_2013C_3513_chromosome_complete_genome	genome	+	NZ_CP027555.1	t_pro_shob_ohsc_sr	NaN - rows are merged	tblastn	NaN - rows are merged	4532373	4532450	78	1	26	26	5584939
10119bat	Escherichia_coli_strain_2013C_3996_chromosome	chromosome	-	NZ_CP027572.1	at_nt_shob_ohsc_sr	NaN - rows are merged	blastn	NaN - rows are merged	5540056	5539980	77	2	66	66	5858866
1083bt	Escherichia_coli_strain_2013C_3996_chromosome	chromosome	+	NZ_CP027572.1	t_pro_shob_ohsc_sr	NaN - rows are merged	tblastn	NaN - rows are merged	5540379	5540456	78	1	26	26	5858866
10928bt	Escherichia_coli_strain_2013C_3996_chromosome	chromosome	+	NZ_CP027572.1	t_nt_shob_ohsc_sr	NaN - rows are merged	blastn	NaN - rows are merged	5540379	5540459	81	1	81	81	5858866
10424bat	Escherichia_coli_strain_2013C_4081_chromosome_complete_genome	genome	-	NZ_CP027573.1	at_nt_shob_ohsc_sr	NaN - rows are merged	blastn	NaN - rows are merged	4538416	4538340	77	1	77	77	5411943
1145bt	Escherichia_coli_strain_2013C_4081_chromosome_complete_genome	genome	+	NZ_CP027573.1	t_pro_shob_ohsc_sr	NaN - rows are merged	tblastn	NaN - rows are merged	4538739	4538816	78	1	26	26	5411943
10956bt	Escherichia_coli_strain_2013C_4081_chromosome_complete_genome	genome	+	NZ_CP027573.1	t_nt_shob_ohsc_sr	NaN - rows are merged	blastn	NaN - rows are merged	4538739	4538819	81	1	81	81	5411943
10955bt	Escherichia_coli_strain_2013C_4187_chromosome_complete_genome	genome	-	NZ_CP027546.1	t_nt_shob_ohsc_sr	NaN - rows are merged	blastn	NaN - rows are merged	2491321	2491241	81	1	81	81	5509931
1105bt	Escherichia_coli_strain_2013C_4187_chromosome_complete_genome	genome	-	NZ_CP027546.1	t_pro_shob_ohsc_sr	NaN - rows are merged	tblastn	NaN - rows are merged	2491321	2491244	78	1	26	26	5509931
10423bat	Escherichia_coli_strain_2013C_4187_chromosome_complete_genome	genome	+	NZ_CP027546.1	at_nt_shob_ohsc_sr	NaN - rows are merged	blastn	NaN - rows are merged	2491644	2491720	77	1	77	77	5509931
10954bt	Escherichia_coli_strain_2013C_4225_chromosome_complete_genome	genome	-	NZ_CP027577.1	t_nt_shob_ohsc_sr	NaN - rows are merged	blastn	NaN - rows are merged	4910739	4910659	81	1	81	81	5646446
1081bt	Escherichia_coli_strain_2013C_4225_chromosome_complete_genome	genome	-	NZ_CP027577.1	t_pro_shob_ohsc_sr	NaN - rows are merged	tblastn	NaN - rows are merged	4910739	4910662	78	1	26	26	5646446
10422bat	Escherichia_coli_strain_2013C_4225_chromosome_complete_genome	genome	+	NZ_CP027577.1	at_nt_shob_ohsc_sr	NaN - rows are merged	blastn	NaN - rows are merged	4911062	4911138	77	1	77	77	5646446
12228bat	Escherichia_coli_strain_2013C_4282_chromosome_complete_genome	genome	-	NZ_CP027579.1	at_nt_shob_ohsc_sr	NaN - rows are merged	blastn	NaN - rows are merged	4875449	4875374	76	2	76	76	5030044
1540bt	Escherichia_coli_strain_2013C_4282_chromosome_complete_genome	genome	+	NZ_CP027579.1	t_pro_shob_ohsc_sr	NaN - rows are merged	tblastn	NaN - rows are merged	4875773	4875850	78	1	26	26	5030044
10973bt	Escherichia_coli_strain_2013C_4282_chromosome_complete_genome	genome	+	NZ_CP027579.1	t_nt_shob_ohsc_sr	NaN - rows are merged	blastn	NaN - rows are merged	4875773	4875853	81	1	81	81	5030044
10953bt	Escherichia_coli_strain_2013C_4361_chromosome_complete_genome	genome	-	NZ_CP027347.1	t_nt_shob_ohsc_sr	NaN - rows are merged	blastn	NaN - rows are merged	2725793	2725713	81	1	81	81	5317846
1177bt	Escherichia_coli_strain_2013C_4361_chromosome_complete_genome	genome	-	NZ_CP027347.1	t_pro_shob_ohsc_sr	NaN - rows are merged	tblastn	NaN - rows are merged	2725793	2725716	78	1	26	26	5317846
10421bat	Escherichia_coli_strain_2013C_4361_chromosome_complete_genome	genome	+	NZ_CP027347.1	at_nt_shob_ohsc_sr	NaN - rows are merged	blastn	NaN - rows are merged	2726116	2726192	77	1	77	77	5317846
10952bt	Escherichia_coli_strain_2013C_4465_chromosome_complete_genome	genome	-	NZ_CP015241.1	t_nt_shob_ohsc_sr	NaN - rows are merged	blastn	NaN - rows are merged	808772	808692	81	1	81	81	5428937
1136bt	Escherichia_coli_strain_2013C_4465_chromosome_complete_genome	genome	-	NZ_CP015241.1	t_pro_shob_ohsc_sr	NaN - rows are merged	tblastn	NaN - rows are merged	808772	808695	78	1	26	26	5428937
11760bat	Escherichia_coli_strain_2013C_4465_chromosome_complete_genome	genome	+	NZ_CP015241.1	at_nt_shob_ohsc_sr	NaN - rows are merged	blastn	NaN - rows are merged	809107	809172	66	1	67	67	5428937
10420bat	Escherichia_coli_strain_2013C_4538_chromosome_complete_genome	genome	-	NZ_CP027582.1	at_nt_shob_ohsc_sr	NaN - rows are merged	blastn	NaN - rows are merged	8261	8185	77	1	77	77	5680428
1076bt	Escherichia_coli_strain_2013C_4538_chromosome_complete_genome	genome	+	NZ_CP027582.1	t_pro_shob_ohsc_sr	NaN - rows are merged	tblastn	NaN - rows are merged	8584	8661	78	1	26	26	5680428
10951bt	Escherichia_coli_strain_2013C_4538_chromosome_complete_genome	genome	+	NZ_CP027582.1	t_nt_shob_ohsc_sr	NaN - rows are merged	blastn	NaN - rows are merged	8584	8664	81	1	81	81	5680428
10950bt	Escherichia_coli_strain_2013C_4830_chromosome_complete_genome	genome	-	NZ_CP027325.1	t_nt_shob_ohsc_sr	NaN - rows are merged	blastn	NaN - rows are merged	4930551	4930471	81	1	81	81	5135675
1237bt	Escherichia_coli_strain_2013C_4830_chromosome_complete_genome	genome	-	NZ_CP027325.1	t_pro_shob_ohsc_sr	NaN - rows are merged	tblastn	NaN - rows are merged	4930551	4930474	78	1	26	26	5135675
10419bat	Escherichia_coli_strain_2013C_4830_chromosome_complete_genome	genome	+	NZ_CP027325.1	at_nt_shob_ohsc_sr	NaN - rows are merged	blastn	NaN - rows are merged	4930874	4930950	77	1	77	77	5135675
10418bat	Escherichia_coli_strain_2013C_4991_chromosome_complete_genome	genome	-	NZ_CP027355.1	at_nt_shob_ohsc_sr	NaN - rows are merged	blastn	NaN - rows are merged	5092387	5092311	77	1	77	77	5367251
10948bt	Escherichia_coli_strain_2013C_4991_chromosome_complete_genome	genome	+	NZ_CP027355.1	t_nt_shob_ohsc_sr	NaN - rows are merged	blastn	NaN - rows are merged	5092710	5092790	81	1	81	81	5367251
1164bt	Escherichia_coli_strain_2013C_4991_chromosome_complete_genome	genome	+	NZ_CP027355.1	t_pro_shob_ohsc_sr	NaN - rows are merged	tblastn	NaN - rows are merged	5092710	5092787	78	1	26	26	5367251
10046bat	Escherichia_coli_strain_2014C_3011_chromosome_complete_genome	genome	-	NZ_CP027591.1	at_nt_shob_ohsc_sr	NaN - rows are merged	blastn	NaN - rows are merged	1065736	1065660	77	1	77	77	5168350
10947bt	Escherichia_coli_strain_2014C_3011_chromosome_complete_genome	genome	+	NZ_CP027591.1	t_nt_shob_ohsc_sr	NaN - rows are merged	blastn	NaN - rows are merged	1066059	1066139	81	1	81	81	5168350
1227bt	Escherichia_coli_strain_2014C_3011_chromosome_complete_genome	genome	+	NZ_CP027591.1	t_pro_shob_ohsc_sr	NaN - rows are merged	tblastn	NaN - rows are merged	1066059	1066136	78	1	26	26	5168350
10417bat	Escherichia_coli_strain_2014C_3050_chromosome_complete_genome	genome	-	NZ_CP027472.1	at_nt_shob_ohsc_sr	NaN - rows are merged	blastn	NaN - rows are merged	54044	53968	77	1	77	77	5671594
1078bt	Escherichia_coli_strain_2014C_3050_chromosome_complete_genome	genome	+	NZ_CP027472.1	t_pro_shob_ohsc_sr	NaN - rows are merged	tblastn	NaN - rows are merged	54367	54444	78	1	26	26	5671594
10946bt	Escherichia_coli_strain_2014C_3050_chromosome_complete_genome	genome	+	NZ_CP027472.1	t_nt_shob_ohsc_sr	NaN - rows are merged	blastn	NaN - rows are merged	54367	54447	81	1	81	81	5671594
10945bt	Escherichia_coli_strain_2014C_3051_chromosome_complete_genome	genome	-	NZ_CP027338.1	t_nt_shob_ohsc_sr	NaN - rows are merged	blastn	NaN - rows are merged	2525175	2525095	81	1	81	81	5597475
107bt	Escherichia_coli_strain_2014C_3051_chromosome_complete_genome	genome	-	NZ_CP027338.1	t_pro_shob_ohsc_sr	NaN - rows are merged	tblastn	NaN - rows are merged	2525175	2525098	78	1	26	26	5597475
10416bat	Escherichia_coli_strain_2014C_3051_chromosome_complete_genome	genome	+	NZ_CP027338.1	at_nt_shob_ohsc_sr	NaN - rows are merged	blastn	NaN - rows are merged	2525498	2525574	77	1	77	77	5597475
10415bat	Escherichia_coli_strain_2014C_3057_chromosome_complete_genome	genome	-	NZ_CP027387.1	at_nt_shob_ohsc_sr	NaN - rows are merged	blastn	NaN - rows are merged	3308805	3308729	77	1	77	77	5645983
10944bt	Escherichia_coli_strain_2014C_3057_chromosome_complete_genome	genome	+	NZ_CP027387.1	t_nt_shob_ohsc_sr	NaN - rows are merged	blastn	NaN - rows are merged	3309128	3309208	81	1	81	81	5645983
100bt	Escherichia_coli_strain_2014C_3057_chromosome_complete_genome	genome	+	NZ_CP027387.1	t_pro_shob_ohsc_sr	NaN - rows are merged	tblastn	NaN - rows are merged	3309128	3309205	78	1	26	26	5645983
10414bat	Escherichia_coli_strain_2014C_3061_chromosome_complete_genome	genome	-	NZ_CP027548.1	at_nt_shob_ohsc_sr	NaN - rows are merged	blastn	NaN - rows are merged	435850	435774	77	1	77	77	5303935
10943bt	Escherichia_coli_strain_2014C_3061_chromosome_complete_genome	genome	+	NZ_CP027548.1	t_nt_shob_ohsc_sr	NaN - rows are merged	blastn	NaN - rows are merged	436173	436253	81	1	81	81	5303935
1183bt	Escherichia_coli_strain_2014C_3061_chromosome_complete_genome	genome	+	NZ_CP027548.1	t_pro_shob_ohsc_sr	NaN - rows are merged	tblastn	NaN - rows are merged	436173	436250	78	1	26	26	5303935
10942bt	Escherichia_coli_strain_2014C_3075_chromosome_complete_genome	genome	-	NZ_CP027447.1	t_nt_shob_ohsc_sr	NaN - rows are merged	blastn	NaN - rows are merged	2128697	2128617	81	1	81	81	5168620
1226bt	Escherichia_coli_strain_2014C_3075_chromosome_complete_genome	genome	-	NZ_CP027447.1	t_pro_shob_ohsc_sr	NaN - rows are merged	tblastn	NaN - rows are merged	2128697	2128620	78	1	26	26	5168620
11578bat	Escherichia_coli_strain_2014C_3075_chromosome_complete_genome	genome	+	NZ_CP027447.1	at_nt_shob_ohsc_sr	NaN - rows are merged	blastn	NaN - rows are merged	2129032	2129098	67	1	67	67	5168620
10413bat	Escherichia_coli_strain_2014C_3097_chromosome_complete_genome	genome	-	NZ_CP027449.1	at_nt_shob_ohsc_sr	NaN - rows are merged	blastn	NaN - rows are merged	3441467	3441391	77	1	77	77	5077228
10941bt	Escherichia_coli_strain_2014C_3097_chromosome_complete_genome	genome	+	NZ_CP027449.1	t_nt_shob_ohsc_sr	NaN - rows are merged	blastn	NaN - rows are merged	3441790	3441870	81	1	81	81	5077228
1265bt	Escherichia_coli_strain_2014C_3097_chromosome_complete_genome	genome	+	NZ_CP027449.1	t_pro_shob_ohsc_sr	NaN - rows are merged	tblastn	NaN - rows are merged	3441790	3441867	78	1	26	26	5077228
14287bat	Escherichia_coli_strain_2014C_3307_chromosome_complete_genome	genome	-	NZ_CP027368.1	at_nt_shob_ohsc_sr	NaN - rows are merged	blastn	NaN - rows are merged	4815467	4815392	76	2	64	64	4965987
10940bt	Escherichia_coli_strain_2014C_3307_chromosome_complete_genome	genome	+	NZ_CP027368.1	t_nt_shob_ohsc_sr	NaN - rows are merged	blastn	NaN - rows are merged	4815790	4815870	81	1	81	81	4965987
1318bt	Escherichia_coli_strain_2014C_3307_chromosome_complete_genome	genome	+	NZ_CP027368.1	t_pro_shob_ohsc_sr	NaN - rows are merged	tblastn	NaN - rows are merged	4815790	4815867	78	1	26	26	4965987
13082bat	Escherichia_coli_strain_2014C_3338_chromosome_complete_genome	genome	-	NZ_CP027452.1	at_nt_shob_ohsc_sr	NaN - rows are merged	blastn	NaN - rows are merged	3311051	3310985	67	1	66	66	4799014
13899bt	Escherichia_coli_strain_2014C_3338_chromosome_complete_genome	genome	+	NZ_CP027452.1	t_nt_shob_ohsc_sr	NaN - rows are merged	blastn	NaN - rows are merged	3311386	3311466	81	1	81	81	4799014
10939bt	Escherichia_coli_strain_2014C_3599_chromosome_complete_genome	genome	-	NZ_CP027435.1	t_nt_shob_ohsc_sr	NaN - rows are merged	blastn	NaN - rows are merged	4066090	4066010	81	1	81	81	5400138
1153bt	Escherichia_coli_strain_2014C_3599_chromosome_complete_genome	genome	-	NZ_CP027435.1	t_pro_shob_ohsc_sr	NaN - rows are merged	tblastn	NaN - rows are merged	4066090	4066013	78	1	26	26	5400138
10412bat	Escherichia_coli_strain_2014C_3599_chromosome_complete_genome	genome	+	NZ_CP027435.1	at_nt_shob_ohsc_sr	NaN - rows are merged	blastn	NaN - rows are merged	4066413	4066489	77	1	77	77	5400138
10938bt	Escherichia_coli_strain_2014C_3655_chromosome_complete_genome	genome	-	NZ_CP027351.1	t_nt_shob_ohsc_sr	NaN - rows are merged	blastn	NaN - rows are merged	4430583	4430503	81	1	81	81	5442537
111bt	Escherichia_coli_strain_2014C_3655_chromosome_complete_genome	genome	-	NZ_CP027351.1	t_pro_shob_ohsc_sr	NaN - rows are merged	tblastn	NaN - rows are merged	4430583	4430506	78	1	26	26	5442537
10411bat	Escherichia_coli_strain_2014C_3655_chromosome_complete_genome	genome	+	NZ_CP027351.1	at_nt_shob_ohsc_sr	NaN - rows are merged	blastn	NaN - rows are merged	4430906	4430982	77	1	77	77	5442537
10927bt	Escherichia_coli_strain_2014C_3716_chromosome	chromosome	-	NZ_CP027335.1	t_nt_shob_ohsc_sr	NaN - rows are merged	blastn	NaN - rows are merged	996024	995944	81	1	81	81	5568315
1085bt	Escherichia_coli_strain_2014C_3716_chromosome	chromosome	-	NZ_CP027335.1	t_pro_shob_ohsc_sr	NaN - rows are merged	tblastn	NaN - rows are merged	996024	995947	78	1	26	26	5568315
10026bat	Escherichia_coli_strain_2014C_3716_chromosome	chromosome	+	NZ_CP027335.1	at_nt_shob_ohsc_sr	NaN - rows are merged	blastn	NaN - rows are merged	996347	996423	77	1	76	76	5568315
10117bat	Escherichia_coli_strain_2014C_3741_chromosome	chromosome	-	NZ_CP027328.1	at_nt_shob_ohsc_sr	NaN - rows are merged	blastn	NaN - rows are merged	1826033	1825957	77	2	66	66	5394779
10926bt	Escherichia_coli_strain_2014C_3741_chromosome	chromosome	+	NZ_CP027328.1	t_nt_shob_ohsc_sr	NaN - rows are merged	blastn	NaN - rows are merged	1826356	1826436	81	1	81	81	5394779
1087bt	Escherichia_coli_strain_2014C_3741_chromosome	chromosome	+	NZ_CP027328.1	t_pro_shob_ohsc_sr	NaN - rows are merged	tblastn	NaN - rows are merged	1826356	1826433	78	1	26	26	5394779
10410bat	Escherichia_coli_strain_2014C_3946_chromosome_complete_genome	genome	-	NZ_CP027344.1	at_nt_shob_ohsc_sr	NaN - rows are merged	blastn	NaN - rows are merged	5074776	5074700	77	1	77	77	5264938
10937bt	Escherichia_coli_strain_2014C_3946_chromosome_complete_genome	genome	+	NZ_CP027344.1	t_nt_shob_ohsc_sr	NaN - rows are merged	blastn	NaN - rows are merged	5075099	5075179	81	1	81	81	5264938
1197bt	Escherichia_coli_strain_2014C_3946_chromosome_complete_genome	genome	+	NZ_CP027344.1	t_pro_shob_ohsc_sr	NaN - rows are merged	tblastn	NaN - rows are merged	5075099	5075176	78	1	26	26	5264938
14286bat	Escherichia_coli_strain_2014C_4135_chromosome_complete_genome	genome	-	NZ_CP027310.1	at_nt_shob_ohsc_sr	NaN - rows are merged	blastn	NaN - rows are merged	2626420	2626345	76	2	64	64	4949048
1320bt	Escherichia_coli_strain_2014C_4135_chromosome_complete_genome	genome	+	NZ_CP027310.1	t_pro_shob_ohsc_sr	NaN - rows are merged	tblastn	NaN - rows are merged	2626743	2626820	78	1	26	26	4949048
10936bt	Escherichia_coli_strain_2014C_4135_chromosome_complete_genome	genome	+	NZ_CP027310.1	t_nt_shob_ohsc_sr	NaN - rows are merged	blastn	NaN - rows are merged	2626743	2626823	81	1	81	81	4949048
10935bt	Escherichia_coli_strain_2014C_4423_chromosome_complete_genome	genome	-	NZ_CP027454.1	t_nt_shob_ohsc_sr	NaN - rows are merged	blastn	NaN - rows are merged	4559000	4558920	81	1	81	81	5338915
1172bt	Escherichia_coli_strain_2014C_4423_chromosome_complete_genome	genome	-	NZ_CP027454.1	t_pro_shob_ohsc_sr	NaN - rows are merged	tblastn	NaN - rows are merged	4559000	4558923	78	1	26	26	5338915
10409bat	Escherichia_coli_strain_2014C_4423_chromosome_complete_genome	genome	+	NZ_CP027454.1	at_nt_shob_ohsc_sr	NaN - rows are merged	blastn	NaN - rows are merged	4559323	4559399	77	1	77	77	5338915
10408bat	Escherichia_coli_strain_2014C_4587_chromosome_complete_genome	genome	-	NZ_CP027342.1	at_nt_shob_ohsc_sr	NaN - rows are merged	blastn	NaN - rows are merged	2053725	2053649	77	1	77	77	5040163
10934bt	Escherichia_coli_strain_2014C_4587_chromosome_complete_genome	genome	+	NZ_CP027342.1	t_nt_shob_ohsc_sr	NaN - rows are merged	blastn	NaN - rows are merged	2054048	2054128	81	1	81	81	5040163
1284bt	Escherichia_coli_strain_2014C_4587_chromosome_complete_genome	genome	+	NZ_CP027342.1	t_pro_shob_ohsc_sr	NaN - rows are merged	tblastn	NaN - rows are merged	2054048	2054125	78	1	26	26	5040163
10933bt	Escherichia_coli_strain_2015C_3101_chromosome_complete_genome	genome	-	NZ_CP027221.1	t_nt_shob_ohsc_sr	NaN - rows are merged	blastn	NaN - rows are merged	3814278	3814198	81	1	81	81	5313278
1179bt	Escherichia_coli_strain_2015C_3101_chromosome_complete_genome	genome	-	NZ_CP027221.1	t_pro_shob_ohsc_sr	NaN - rows are merged	tblastn	NaN - rows are merged	3814278	3814201	78	1	26	26	5313278
10407bat	Escherichia_coli_strain_2015C_3101_chromosome_complete_genome	genome	+	NZ_CP027221.1	at_nt_shob_ohsc_sr	NaN - rows are merged	blastn	NaN - rows are merged	3814601	3814677	77	1	77	77	5313278
10932bt	Escherichia_coli_strain_2015C_3107_chromosome_complete_genome	genome	-	NZ_CP027317.1	t_nt_shob_ohsc_sr	NaN - rows are merged	blastn	NaN - rows are merged	1689958	1689878	81	1	81	81	5388260
1157bt	Escherichia_coli_strain_2015C_3107_chromosome_complete_genome	genome	-	NZ_CP027317.1	t_pro_shob_ohsc_sr	NaN - rows are merged	tblastn	NaN - rows are merged	1689958	1689881	78	1	26	26	5388260
10406bat	Escherichia_coli_strain_2015C_3107_chromosome_complete_genome	genome	+	NZ_CP027317.1	at_nt_shob_ohsc_sr	NaN - rows are merged	blastn	NaN - rows are merged	1690281	1690357	77	1	77	77	5388260
10405bat	Escherichia_coli_strain_2015C_3108_chromosome_complete_genome	genome	-	NZ_CP027307.1	at_nt_shob_ohsc_sr	NaN - rows are merged	blastn	NaN - rows are merged	260533	260457	77	1	77	77	5364442
10931bt	Escherichia_coli_strain_2015C_3108_chromosome_complete_genome	genome	+	NZ_CP027307.1	t_nt_shob_ohsc_sr	NaN - rows are merged	blastn	NaN - rows are merged	260856	260936	81	1	81	81	5364442
1166bt	Escherichia_coli_strain_2015C_3108_chromosome_complete_genome	genome	+	NZ_CP027307.1	t_pro_shob_ohsc_sr	NaN - rows are merged	tblastn	NaN - rows are merged	260856	260933	78	1	26	26	5364442
1165bt	Escherichia_coli_strain_2015C_3121_chromosome_complete_genome	genome	-	NZ_CP027340.1	t_pro_shob_ohsc_sr	NaN - rows are merged	tblastn	NaN - rows are merged	5244706	5244629	78	1	26	26	5366577
10930bt	Escherichia_coli_strain_2015C_3121_chromosome_complete_genome	genome	-	NZ_CP027340.1	t_nt_shob_ohsc_sr	NaN - rows are merged	blastn	NaN - rows are merged	5244706	5244626	81	1	81	81	5366577
10404bat	Escherichia_coli_strain_2015C_3121_chromosome_complete_genome	genome	+	NZ_CP027340.1	at_nt_shob_ohsc_sr	NaN - rows are merged	blastn	NaN - rows are merged	5245029	5245105	77	1	77	77	5366577
10929bt	Escherichia_coli_strain_2015C_3125_chromosome_complete_genome	genome	-	NZ_CP027763.1	t_nt_shob_ohsc_sr	NaN - rows are merged	blastn	NaN - rows are merged	3213876	3213796	81	1	81	81	5471132
1040bt	Escherichia_coli_strain_2015C_3125_chromosome_complete_genome	genome	-	NZ_CP027763.1	t_pro_shob_ohsc_sr	NaN - rows are merged	tblastn	NaN - rows are merged	3213876	3213799	78	1	26	26	5471132
10541bat	Escherichia_coli_strain_2015C_3125_chromosome_complete_genome	genome	+	NZ_CP027763.1	at_nt_shob_ohsc_sr	NaN - rows are merged	blastn	NaN - rows are merged	3214199	3214274	76	1	76	76	5471132
10403bat	Escherichia_coli_strain_2015C_3163_chromosome_complete_genome	genome	-	NZ_CP027219.1	at_nt_shob_ohsc_sr	NaN - rows are merged	blastn	NaN - rows are merged	1089980	1089904	77	1	77	77	5500189
10928bt	Escherichia_coli_strain_2015C_3163_chromosome_complete_genome	genome	+	NZ_CP027219.1	t_nt_shob_ohsc_sr	NaN - rows are merged	blastn	NaN - rows are merged	1090303	1090383	81	1	81	81	5500189
1108bt	Escherichia_coli_strain_2015C_3163_chromosome_complete_genome	genome	+	NZ_CP027219.1	t_pro_shob_ohsc_sr	NaN - rows are merged	tblastn	NaN - rows are merged	1090303	1090380	78	1	26	26	5500189
10927bt	Escherichia_coli_strain_2015C_3905_chromosome_complete_genome	genome	-	NZ_CP027371.1	t_nt_shob_ohsc_sr	NaN - rows are merged	blastn	NaN - rows are merged	2742193	2742113	81	1	81	81	4901620
1358bt	Escherichia_coli_strain_2015C_3905_chromosome_complete_genome	genome	-	NZ_CP027371.1	t_pro_shob_ohsc_sr	NaN - rows are merged	tblastn	NaN - rows are merged	2742193	2742116	78	1	26	26	4901620
10601bat	Escherichia_coli_strain_2015C_3905_chromosome_complete_genome	genome	+	NZ_CP027371.1	at_nt_shob_ohsc_sr	NaN - rows are merged	blastn	NaN - rows are merged	2742516	2742591	76	1	76	76	4901620
1410bt	Escherichia_coli_strain_2015C_4136CT1_chromosome_complete_genome	genome	-	NZ_CP027550.1	t_pro_shob_ohsc_sr	NaN - rows are merged	tblastn	NaN - rows are merged	2164907	2164830	78	1	26	26	4836918
12596bt	Escherichia_coli_strain_2015C_4136CT1_chromosome_complete_genome	genome	-	NZ_CP027550.1	t_nt_shob_ohsc_sr	NaN - rows are merged	blastn	NaN - rows are merged	2164907	2164827	81	1	81	81	4836918
11759bat	Escherichia_coli_strain_2015C_4136CT1_chromosome_complete_genome	genome	+	NZ_CP027550.1	at_nt_shob_ohsc_sr	NaN - rows are merged	blastn	NaN - rows are merged	2165242	2165307	66	1	67	67	4836918
10926bt	Escherichia_coli_strain_2015C_4498_chromosome_complete_genome	genome	-	NZ_CP027552.1	t_nt_shob_ohsc_sr	NaN - rows are merged	blastn	NaN - rows are merged	4750672	4750592	81	1	81	81	5434442
1135bt	Escherichia_coli_strain_2015C_4498_chromosome_complete_genome	genome	-	NZ_CP027552.1	t_pro_shob_ohsc_sr	NaN - rows are merged	tblastn	NaN - rows are merged	4750672	4750595	78	1	26	26	5434442
10402bat	Escherichia_coli_strain_2015C_4498_chromosome_complete_genome	genome	+	NZ_CP027552.1	at_nt_shob_ohsc_sr	NaN - rows are merged	blastn	NaN - rows are merged	4750995	4751071	77	1	77	77	5434442
10401bat	Escherichia_coli_strain_2015C_4944_chromosome_complete_genome	genome	-	NZ_CP027390.1	at_nt_shob_ohsc_sr	NaN - rows are merged	blastn	NaN - rows are merged	5325220	5325144	77	1	77	77	5802748
1070bt	Escherichia_coli_strain_2015C_4944_chromosome_complete_genome	genome	+	NZ_CP027390.1	t_pro_shob_ohsc_sr	NaN - rows are merged	tblastn	NaN - rows are merged	5325543	5325620	78	1	26	26	5802748
10925bt	Escherichia_coli_strain_2015C_4944_chromosome_complete_genome	genome	+	NZ_CP027390.1	t_nt_shob_ohsc_sr	NaN - rows are merged	blastn	NaN - rows are merged	5325543	5325623	81	1	81	81	5802748
10924bt	Escherichia_coli_strain_2016C_3878_chromosome_complete_genome	genome	-	NZ_CP029747.1	t_nt_shob_ohsc_sr	NaN - rows are merged	blastn	NaN - rows are merged	3169554	3169474	81	1	81	81	4995456
1301bt	Escherichia_coli_strain_2016C_3878_chromosome_complete_genome	genome	-	NZ_CP029747.1	t_pro_shob_ohsc_sr	NaN - rows are merged	tblastn	NaN - rows are merged	3169554	3169477	78	1	26	26	4995456
11758bat	Escherichia_coli_strain_2016C_3878_chromosome_complete_genome	genome	+	NZ_CP029747.1	at_nt_shob_ohsc_sr	NaN - rows are merged	blastn	NaN - rows are merged	3169889	3169954	66	1	67	67	4995456
10074bat	Escherichia_coli_strain_2016C_3936C1_chromosome_complete_genome	chromosome	-	NZ_CP018770.2	at_nt_shob_ohsc_sr	NaN - rows are merged	blastn	NaN - rows are merged	1058623	1058547	77	1	66	66	5060620
10941bt	Escherichia_coli_strain_2016C_3936C1_chromosome_complete_genome	chromosome	+	NZ_CP018770.2	t_nt_shob_ohsc_sr	NaN - rows are merged	blastn	NaN - rows are merged	1058946	1059026	81	1	81	81	5060620
1100bt	Escherichia_coli_strain_2016C_3936C1_chromosome_complete_genome	chromosome	+	NZ_CP018770.2	t_pro_shob_ohsc_sr	NaN - rows are merged	tblastn	NaN - rows are merged	1058946	1059023	78	1	26	26	5060620
1160bt	Escherichia_coli_strain_2017C_4109_chromosome_complete_genome	genome	-	NZ_CP030767.1	t_pro_shob_ohsc_sr	NaN - rows are merged	tblastn	NaN - rows are merged	2999243	2999166	78	1	26	26	5384880
10923bt	Escherichia_coli_strain_2017C_4109_chromosome_complete_genome	genome	-	NZ_CP030767.1	t_nt_shob_ohsc_sr	NaN - rows are merged	blastn	NaN - rows are merged	2999243	2999163	81	1	81	81	5384880
11757bat	Escherichia_coli_strain_2017C_4109_chromosome_complete_genome	genome	+	NZ_CP030767.1	at_nt_shob_ohsc_sr	NaN - rows are merged	blastn	NaN - rows are merged	2999578	2999643	66	1	67	67	5384880
10505bt	Escherichia_coli_strain_2017C_4173W12_chromosome_complete_genome	genome	-	NZ_CP030768.1	t_nt_shob_ohsc_sr	NaN - rows are merged	blastn	NaN - rows are merged	411719	411639	81	1	81	81	5300308
1185bt	Escherichia_coli_strain_2017C_4173W12_chromosome_complete_genome	genome	-	NZ_CP030768.1	t_pro_shob_ohsc_sr	NaN - rows are merged	tblastn	NaN - rows are merged	411719	411642	78	1	26	26	5300308
10600bat	Escherichia_coli_strain_2017C_4173W12_chromosome_complete_genome	genome	+	NZ_CP030768.1	at_nt_shob_ohsc_sr	NaN - rows are merged	blastn	NaN - rows are merged	412042	412118	77	1	76	76	5300308
10922bt	Escherichia_coli_strain_203740_chromosome_complete_genome	genome	-	NZ_CP025913.1	t_nt_shob_ohsc_sr	NaN - rows are merged	blastn	NaN - rows are merged	4835150	4835070	81	1	81	81	4922099
1341bt	Escherichia_coli_strain_203740_chromosome_complete_genome	genome	-	NZ_CP025913.1	t_pro_shob_ohsc_sr	NaN - rows are merged	tblastn	NaN - rows are merged	4835150	4835073	78	1	26	26	4922099
10400bat	Escherichia_coli_strain_203740_chromosome_complete_genome	genome	+	NZ_CP025913.1	at_nt_shob_ohsc_sr	NaN - rows are merged	blastn	NaN - rows are merged	4835473	4835549	77	1	77	77	4922099
10399bat	Escherichia_coli_strain_204446_chromosome_complete_genome	genome	-	NZ_CP025910.1	at_nt_shob_ohsc_sr	NaN - rows are merged	blastn	NaN - rows are merged	2500583	2500507	77	1	77	77	5096741
1257bt	Escherichia_coli_strain_204446_chromosome_complete_genome	genome	+	NZ_CP025910.1	t_pro_shob_ohsc_sr	NaN - rows are merged	tblastn	NaN - rows are merged	2500906	2500983	78	1	26	26	5096741
10921bt	Escherichia_coli_strain_204446_chromosome_complete_genome	genome	+	NZ_CP025910.1	t_nt_shob_ohsc_sr	NaN - rows are merged	blastn	NaN - rows are merged	2500906	2500986	81	1	81	81	5096741
10920bt	Escherichia_coli_strain_210205630_chromosome_complete_genome	genome	-	NZ_CP015912.1	t_nt_shob_ohsc_sr	NaN - rows are merged	blastn	NaN - rows are merged	1606463	1606383	81	1	81	81	5005730
1297bt	Escherichia_coli_strain_210205630_chromosome_complete_genome	genome	-	NZ_CP015912.1	t_pro_shob_ohsc_sr	NaN - rows are merged	tblastn	NaN - rows are merged	1606463	1606386	78	1	26	26	5005730
10398bat	Escherichia_coli_strain_210205630_chromosome_complete_genome	genome	+	NZ_CP015912.1	at_nt_shob_ohsc_sr	NaN - rows are merged	blastn	NaN - rows are merged	1606786	1606862	77	1	77	77	5005730
10919bt	Escherichia_coli_strain_210221272_chromosome_complete_genome	genome	-	NZ_CP016404.1	t_nt_shob_ohsc_sr	NaN - rows are merged	blastn	NaN - rows are merged	3467963	3467883	81	1	81	81	4668621
1013bt	Escherichia_coli_strain_210221272_chromosome_complete_genome	genome	-	NZ_CP016404.1	t_pro_shob_ohsc_sr	NaN - rows are merged	tblastn	NaN - rows are merged	3467963	3467886	78	1	26	26	4668621
10397bat	Escherichia_coli_strain_210221272_chromosome_complete_genome	genome	+	NZ_CP016404.1	at_nt_shob_ohsc_sr	NaN - rows are merged	blastn	NaN - rows are merged	3468286	3468362	77	1	77	77	4668621
10396bat	Escherichia_coli_strain_214_4_chromosome_complete_genome	genome	-	NZ_CP025840.1	at_nt_shob_ohsc_sr	NaN - rows are merged	blastn	NaN - rows are merged	3088486	3088410	77	1	77	77	5138709
1236bt	Escherichia_coli_strain_214_4_chromosome_complete_genome	genome	+	NZ_CP025840.1	t_pro_shob_ohsc_sr	NaN - rows are merged	tblastn	NaN - rows are merged	3088809	3088886	78	1	26	26	5138709
10918bt	Escherichia_coli_strain_214_4_chromosome_complete_genome	genome	+	NZ_CP025840.1	t_nt_shob_ohsc_sr	NaN - rows are merged	blastn	NaN - rows are merged	3088809	3088889	81	1	81	81	5138709
10394bat	Escherichia_coli_strain_26561_chromosome_complete_genome	genome	-	NZ_CP027118.1	at_nt_shob_ohsc_sr	NaN - rows are merged	blastn	NaN - rows are merged	1202217	1202141	77	1	77	77	4719625
10916bt	Escherichia_coli_strain_26561_chromosome_complete_genome	genome	+	NZ_CP027118.1	t_nt_shob_ohsc_sr	NaN - rows are merged	blastn	NaN - rows are merged	1202540	1202620	81	1	81	81	4719625
1007bt	Escherichia_coli_strain_26561_chromosome_complete_genome	genome	+	NZ_CP027118.1	t_pro_shob_ohsc_sr	NaN - rows are merged	tblastn	NaN - rows are merged	1202540	1202617	78	1	26	26	4719625
1112bt	Escherichia_coli_strain_266917_2_chromosome_complete_genome	genome	-	NZ_CP026723.1	t_pro_shob_ohsc_sr	NaN - rows are merged	tblastn	NaN - rows are merged	1629187	1629110	78	1	26	26	5492922
10504bt	Escherichia_coli_strain_266917_2_chromosome_complete_genome	genome	-	NZ_CP026723.1	t_nt_shob_ohsc_sr	NaN - rows are merged	blastn	NaN - rows are merged	1629187	1629107	81	1	81	81	5492922
11764bat	Escherichia_coli_strain_266917_2_chromosome_complete_genome	genome	+	NZ_CP026723.1	at_nt_shob_ohsc_sr	NaN - rows are merged	blastn	NaN - rows are merged	1629510	1629586	77	1	77	77	5492922
10116bat	Escherichia_coli_strain_268_78_1_chromosome_complete_genome	chromosome	-	NZ_CP014092.2	at_nt_shob_ohsc_sr	NaN - rows are merged	blastn	NaN - rows are merged	4410156	4410080	77	2	66	66	5364051
10925bt	Escherichia_coli_strain_268_78_1_chromosome_complete_genome	chromosome	+	NZ_CP014092.2	t_nt_shob_ohsc_sr	NaN - rows are merged	blastn	NaN - rows are merged	4410479	4410559	81	1	81	81	5364051
1088bt	Escherichia_coli_strain_268_78_1_chromosome_complete_genome	chromosome	+	NZ_CP014092.2	t_pro_shob_ohsc_sr	NaN - rows are merged	tblastn	NaN - rows are merged	4410479	4410556	78	1	26	26	5364051
10915bt	Escherichia_coli_strain_272_chromosome_complete_genome	genome	-	NZ_CP018239.1	t_nt_shob_ohsc_sr	NaN - rows are merged	blastn	NaN - rows are merged	3408207	3408127	81	1	81	81	5474193
103bt	Escherichia_coli_strain_272_chromosome_complete_genome	genome	-	NZ_CP018239.1	t_pro_shob_ohsc_sr	NaN - rows are merged	tblastn	NaN - rows are merged	3408207	3408130	78	1	26	26	5474193
11753bat	Escherichia_coli_strain_272_chromosome_complete_genome	genome	+	NZ_CP018239.1	at_nt_shob_ohsc_sr	NaN - rows are merged	blastn	NaN - rows are merged	3408542	3408607	66	1	67	67	5474193
10914bt	Escherichia_coli_strain_28RC1_chromosome_complete_genome	genome	-	NZ_CP015020.1	t_nt_shob_ohsc_sr	NaN - rows are merged	blastn	NaN - rows are merged	1726267	1726187	81	1	81	81	5561698
1094bt	Escherichia_coli_strain_28RC1_chromosome_complete_genome	genome	-	NZ_CP015020.1	t_pro_shob_ohsc_sr	NaN - rows are merged	tblastn	NaN - rows are merged	1726267	1726190	78	1	26	26	5561698
11752bat	Escherichia_coli_strain_28RC1_chromosome_complete_genome	genome	+	NZ_CP015020.1	at_nt_shob_ohsc_sr	NaN - rows are merged	blastn	NaN - rows are merged	1726602	1726667	66	1	67	67	5561698
10913bt	Escherichia_coli_strain_2A_chromosome_complete_genome	genome	-	NZ_CP026358.1	t_nt_shob_ohsc_sr	NaN - rows are merged	blastn	NaN - rows are merged	2700197	2700117	81	1	81	81	4651765
10393bat	Escherichia_coli_strain_2A_chromosome_complete_genome	genome	+	NZ_CP026358.1	at_nt_shob_ohsc_sr	NaN - rows are merged	blastn	NaN - rows are merged	2700520	2700596	77	1	77	77	4651765
10911bt	Escherichia_coli_strain_2FA_chromosome_complete_genome	genome	-	NZ_CP026356.1	t_nt_shob_ohsc_sr	NaN - rows are merged	blastn	NaN - rows are merged	2700197	2700117	81	1	81	81	4651848
1033bt	Escherichia_coli_strain_2FA_chromosome_complete_genome	genome	-	NZ_CP026356.1	t_pro_shob_ohsc_sr	NaN - rows are merged	tblastn	NaN - rows are merged	2700197	2700120	78	1	26	26	4651848
10391bat	Escherichia_coli_strain_2FA_chromosome_complete_genome	genome	+	NZ_CP026356.1	at_nt_shob_ohsc_sr	NaN - rows are merged	blastn	NaN - rows are merged	2700520	2700596	77	1	77	77	4651848
10912bt	Escherichia_coli_strain_2F_0_chromosome_complete_genome	genome	-	NZ_CP026357.1	t_nt_shob_ohsc_sr	NaN - rows are merged	blastn	NaN - rows are merged	2700197	2700117	81	1	81	81	4651848
1034bt	Escherichia_coli_strain_2F_0_chromosome_complete_genome	genome	-	NZ_CP026357.1	t_pro_shob_ohsc_sr	NaN - rows are merged	tblastn	NaN - rows are merged	2700197	2700120	78	1	26	26	4651848
10392bat	Escherichia_coli_strain_2F_0_chromosome_complete_genome	genome	+	NZ_CP026357.1	at_nt_shob_ohsc_sr	NaN - rows are merged	blastn	NaN - rows are merged	2700520	2700596	77	1	77	77	4651848
10057bt	Escherichia_coli_strain_2_0_chromosome_complete_genome	genome	-	NZ_CP023853.1	t_nt_shob_ohsc_sr	NaN - rows are merged	blastn	NaN - rows are merged	2930714	2930634	81	1	81	81	5174317
11755bat	Escherichia_coli_strain_2_0_chromosome_complete_genome	genome	+	NZ_CP023853.1	at_nt_shob_ohsc_sr	NaN - rows are merged	blastn	NaN - rows are merged	2931049	2931114	66	1	67	67	5174317
10390bat	Escherichia_coli_strain_2_HS_C_chromosome_complete_genome	genome	-	NZ_CP038180.1	at_nt_shob_ohsc_sr	NaN - rows are merged	blastn	NaN - rows are merged	1204202	1204126	77	1	77	77	4541147
10910bt	Escherichia_coli_strain_2_HS_C_chromosome_complete_genome	genome	+	NZ_CP038180.1	t_nt_shob_ohsc_sr	NaN - rows are merged	blastn	NaN - rows are merged	1204525	1204605	81	1	81	81	4541147
10909bt	Escherichia_coli_strain_300709_chromosome_complete_genome	genome	-	NZ_CP025903.1	t_nt_shob_ohsc_sr	NaN - rows are merged	blastn	NaN - rows are merged	3015706	3015626	81	1	81	81	4876488
1380bt	Escherichia_coli_strain_300709_chromosome_complete_genome	genome	-	NZ_CP025903.1	t_pro_shob_ohsc_sr	NaN - rows are merged	tblastn	NaN - rows are merged	3015706	3015629	78	1	26	26	4876488
10389bat	Escherichia_coli_strain_300709_chromosome_complete_genome	genome	+	NZ_CP025903.1	at_nt_shob_ohsc_sr	NaN - rows are merged	blastn	NaN - rows are merged	3016029	3016105	77	1	77	77	4876488
11751bat	Escherichia_coli_strain_317_chromosome_complete_genome	genome	-	NZ_CP023357.1	at_nt_shob_ohsc_sr	NaN - rows are merged	blastn	NaN - rows are merged	1524485	1524420	66	1	67	67	5035905
10056bt	Escherichia_coli_strain_317_chromosome_complete_genome	genome	+	NZ_CP023357.1	t_nt_shob_ohsc_sr	NaN - rows are merged	blastn	NaN - rows are merged	1524820	1524900	81	1	81	81	5035905
10908bt	Escherichia_coli_strain_319_complete_genome	genome	-	NZ_CP018241.1	t_nt_shob_ohsc_sr	NaN - rows are merged	blastn	NaN - rows are merged	3389860	3389780	81	1	81	81	5474890
102bt	Escherichia_coli_strain_319_complete_genome	genome	-	NZ_CP018241.1	t_pro_shob_ohsc_sr	NaN - rows are merged	tblastn	NaN - rows are merged	3389860	3389783	78	1	26	26	5474890
11750bat	Escherichia_coli_strain_319_complete_genome	genome	+	NZ_CP018241.1	at_nt_shob_ohsc_sr	NaN - rows are merged	blastn	NaN - rows are merged	3390195	3390260	66	1	67	67	5474890
10907bt	Escherichia_coli_strain_350_chromosome_complete_genome	genome	-	NZ_CP018243.1	t_nt_shob_ohsc_sr	NaN - rows are merged	blastn	NaN - rows are merged	3358849	3358769	81	1	81	81	5411823
1146bt	Escherichia_coli_strain_350_chromosome_complete_genome	genome	-	NZ_CP018243.1	t_pro_shob_ohsc_sr	NaN - rows are merged	tblastn	NaN - rows are merged	3358849	3358772	78	1	26	26	5411823
11749bat	Escherichia_coli_strain_350_chromosome_complete_genome	genome	+	NZ_CP018243.1	at_nt_shob_ohsc_sr	NaN - rows are merged	blastn	NaN - rows are merged	3359184	3359249	66	1	67	67	5411823
1032bt	Escherichia_coli_strain_3A_chromosome_complete_genome	genome	-	NZ_CP026355.1	t_pro_shob_ohsc_sr	NaN - rows are merged	tblastn	NaN - rows are merged	2700197	2700120	78	1	26	26	4651849
10906bt	Escherichia_coli_strain_3A_chromosome_complete_genome	genome	-	NZ_CP026355.1	t_nt_shob_ohsc_sr	NaN - rows are merged	blastn	NaN - rows are merged	2700197	2700117	81	1	81	81	4651849
10388bat	Escherichia_coli_strain_3A_chromosome_complete_genome	genome	+	NZ_CP026355.1	at_nt_shob_ohsc_sr	NaN - rows are merged	blastn	NaN - rows are merged	2700520	2700596	77	1	77	77	4651849
10905bt	Escherichia_coli_strain_3FA_chromosome_complete_genome	genome	-	NZ_CP026354.1	t_nt_shob_ohsc_sr	NaN - rows are merged	blastn	NaN - rows are merged	2700197	2700117	81	1	81	81	4651849
1031bt	Escherichia_coli_strain_3FA_chromosome_complete_genome	genome	-	NZ_CP026354.1	t_pro_shob_ohsc_sr	NaN - rows are merged	tblastn	NaN - rows are merged	2700197	2700120	78	1	26	26	4651849
10387bat	Escherichia_coli_strain_3FA_chromosome_complete_genome	genome	+	NZ_CP026354.1	at_nt_shob_ohsc_sr	NaN - rows are merged	blastn	NaN - rows are merged	2700520	2700596	77	1	77	77	4651849
10903bt	Escherichia_coli_strain_472_complete_genome	genome	-	NZ_CP018245.1	t_nt_shob_ohsc_sr	NaN - rows are merged	blastn	NaN - rows are merged	3461870	3461790	81	1	81	81	5513531
1103bt	Escherichia_coli_strain_472_complete_genome	genome	-	NZ_CP018245.1	t_pro_shob_ohsc_sr	NaN - rows are merged	tblastn	NaN - rows are merged	3461870	3461793	78	1	26	26	5513531
11745bat	Escherichia_coli_strain_472_complete_genome	genome	+	NZ_CP018245.1	at_nt_shob_ohsc_sr	NaN - rows are merged	blastn	NaN - rows are merged	3462205	3462270	66	1	67	67	5513531
10902bt	Escherichia_coli_strain_4A_chromosome_complete_genome	genome	-	NZ_CP026353.1	t_nt_shob_ohsc_sr	NaN - rows are merged	blastn	NaN - rows are merged	2700197	2700117	81	1	81	81	4651849
1030bt	Escherichia_coli_strain_4A_chromosome_complete_genome	genome	-	NZ_CP026353.1	t_pro_shob_ohsc_sr	NaN - rows are merged	tblastn	NaN - rows are merged	2700197	2700120	78	1	26	26	4651849
10385bat	Escherichia_coli_strain_4A_chromosome_complete_genome	genome	+	NZ_CP026353.1	at_nt_shob_ohsc_sr	NaN - rows are merged	blastn	NaN - rows are merged	2700520	2700596	77	1	77	77	4651849
10901bt	Escherichia_coli_strain_4FA_chromosome_complete_genome	genome	-	NZ_CP026352.1	t_nt_shob_ohsc_sr	NaN - rows are merged	blastn	NaN - rows are merged	2700197	2700117	81	1	81	81	4651849
1029bt	Escherichia_coli_strain_4FA_chromosome_complete_genome	genome	-	NZ_CP026352.1	t_pro_shob_ohsc_sr	NaN - rows are merged	tblastn	NaN - rows are merged	2700197	2700120	78	1	26	26	4651849
10384bat	Escherichia_coli_strain_4FA_chromosome_complete_genome	genome	+	NZ_CP026352.1	at_nt_shob_ohsc_sr	NaN - rows are merged	blastn	NaN - rows are merged	2700520	2700596	77	1	77	77	4651849
10055bt	Escherichia_coli_strain_4_0_chromosome_complete_genome	genome	-	NZ_CP023849.1	t_nt_shob_ohsc_sr	NaN - rows are merged	blastn	NaN - rows are merged	2939251	2939171	81	1	81	81	5243509
11748bat	Escherichia_coli_strain_4_0_chromosome_complete_genome	genome	+	NZ_CP023849.1	at_nt_shob_ohsc_sr	NaN - rows are merged	blastn	NaN - rows are merged	2939586	2939651	66	1	67	67	5243509
10054bt	Escherichia_coli_strain_4_1_1_chromosome_complete_genome	genome	-	NZ_CP023844.1	t_nt_shob_ohsc_sr	NaN - rows are merged	blastn	NaN - rows are merged	2902787	2902707	81	1	81	81	5144480
11747bat	Escherichia_coli_strain_4_1_1_chromosome_complete_genome	genome	+	NZ_CP023844.1	at_nt_shob_ohsc_sr	NaN - rows are merged	blastn	NaN - rows are merged	2903122	2903187	66	1	67	67	5144480
1485bt	Escherichia_coli_strain_4_2_1_chromosome_complete_genome	genome	-	NZ_CP023834.1	t_pro_shob_ohsc_sr	NaN - rows are merged	tblastn	NaN - rows are merged	2731253	2731176	78	1	26	26	4735721
10904bt	Escherichia_coli_strain_4_2_1_chromosome_complete_genome	genome	-	NZ_CP023834.1	t_nt_shob_ohsc_sr	NaN - rows are merged	blastn	NaN - rows are merged	2731253	2731173	81	1	81	81	4735721
10386bat	Escherichia_coli_strain_4_2_1_chromosome_complete_genome	genome	+	NZ_CP023834.1	at_nt_shob_ohsc_sr	NaN - rows are merged	blastn	NaN - rows are merged	2731576	2731652	77	1	77	77	4735721
10053bt	Escherichia_coli_strain_4_4_chromosome_complete_genome	genome	-	NZ_CP023826.1	t_nt_shob_ohsc_sr	NaN - rows are merged	blastn	NaN - rows are merged	2897010	2896930	81	1	81	81	5129468
11746bat	Escherichia_coli_strain_4_4_chromosome_complete_genome	genome	+	NZ_CP023826.1	at_nt_shob_ohsc_sr	NaN - rows are merged	blastn	NaN - rows are merged	2897345	2897410	66	1	67	67	5129468
10900bt	Escherichia_coli_strain_503025_chromosome_complete_genome	genome	-	NZ_CP025892.1	t_nt_shob_ohsc_sr	NaN - rows are merged	blastn	NaN - rows are merged	2715030	2714950	81	1	81	81	4911268
1349bt	Escherichia_coli_strain_503025_chromosome_complete_genome	genome	-	NZ_CP025892.1	t_pro_shob_ohsc_sr	NaN - rows are merged	tblastn	NaN - rows are merged	2715030	2714953	78	1	26	26	4911268
10383bat	Escherichia_coli_strain_503025_chromosome_complete_genome	genome	+	NZ_CP025892.1	at_nt_shob_ohsc_sr	NaN - rows are merged	blastn	NaN - rows are merged	2715353	2715429	77	1	77	77	4911268
10899bt	Escherichia_coli_strain_503440_chromosome_complete_genome	genome	-	NZ_CP025881.1	t_nt_shob_ohsc_sr	NaN - rows are merged	blastn	NaN - rows are merged	2382513	2382433	81	1	81	81	4984787
1306bt	Escherichia_coli_strain_503440_chromosome_complete_genome	genome	-	NZ_CP025881.1	t_pro_shob_ohsc_sr	NaN - rows are merged	tblastn	NaN - rows are merged	2382513	2382436	78	1	26	26	4984787
10382bat	Escherichia_coli_strain_503440_chromosome_complete_genome	genome	+	NZ_CP025881.1	at_nt_shob_ohsc_sr	NaN - rows are merged	blastn	NaN - rows are merged	2382836	2382912	77	1	77	77	4984787
10381bat	Escherichia_coli_strain_503829_chromosome_complete_genome	genome	-	NZ_CP025869.1	at_nt_shob_ohsc_sr	NaN - rows are merged	blastn	NaN - rows are merged	2000714	2000638	77	1	77	77	4920463
10471bt	Escherichia_coli_strain_503829_chromosome_complete_genome	genome	+	NZ_CP025869.1	t_nt_shob_ohsc_sr	NaN - rows are merged	blastn	NaN - rows are merged	2001037	2001117	81	1	81	81	4920463
1342bt	Escherichia_coli_strain_503829_chromosome_complete_genome	genome	+	NZ_CP025869.1	t_pro_shob_ohsc_sr	NaN - rows are merged	tblastn	NaN - rows are merged	2001037	2001114	78	1	26	26	4920463
10380bat	Escherichia_coli_strain_504211_chromosome_complete_genome	genome	-	NZ_CP025865.1	at_nt_shob_ohsc_sr	NaN - rows are merged	blastn	NaN - rows are merged	3797688	3797612	77	1	77	77	4950457
10470bt	Escherichia_coli_strain_504211_chromosome_complete_genome	genome	+	NZ_CP025865.1	t_nt_shob_ohsc_sr	NaN - rows are merged	blastn	NaN - rows are merged	3798011	3798091	81	1	81	81	4950457
1319bt	Escherichia_coli_strain_504211_chromosome_complete_genome	genome	+	NZ_CP025865.1	t_pro_shob_ohsc_sr	NaN - rows are merged	tblastn	NaN - rows are merged	3798011	3798088	78	1	26	26	4950457
1291bt	Escherichia_coli_strain_504237_chromosome_complete_genome	genome	-	NZ_CP025862.1	t_pro_shob_ohsc_sr	NaN - rows are merged	tblastn	NaN - rows are merged	3222398	3222321	78	1	26	26	5022230
10469bt	Escherichia_coli_strain_504237_chromosome_complete_genome	genome	-	NZ_CP025862.1	t_nt_shob_ohsc_sr	NaN - rows are merged	blastn	NaN - rows are merged	3222398	3222318	81	1	81	81	5022230
10379bat	Escherichia_coli_strain_504237_chromosome_complete_genome	genome	+	NZ_CP025862.1	at_nt_shob_ohsc_sr	NaN - rows are merged	blastn	NaN - rows are merged	3222721	3222797	77	1	77	77	5022230
10468bt	Escherichia_coli_strain_504239_chromosome_complete_genome	genome	-	NZ_CP025859.1	t_nt_shob_ohsc_sr	NaN - rows are merged	blastn	NaN - rows are merged	1509479	1509399	81	1	81	81	4979815
1308bt	Escherichia_coli_strain_504239_chromosome_complete_genome	genome	-	NZ_CP025859.1	t_pro_shob_ohsc_sr	NaN - rows are merged	tblastn	NaN - rows are merged	1509479	1509402	78	1	26	26	4979815
10378bat	Escherichia_coli_strain_504239_chromosome_complete_genome	genome	+	NZ_CP025859.1	at_nt_shob_ohsc_sr	NaN - rows are merged	blastn	NaN - rows are merged	1509802	1509878	77	1	77	77	4979815
10377bat	Escherichia_coli_strain_504838_chromosome_complete_genome	genome	-	NZ_CP025856.1	at_nt_shob_ohsc_sr	NaN - rows are merged	blastn	NaN - rows are merged	4275267	4275191	77	1	77	77	5104962
10467bt	Escherichia_coli_strain_504838_chromosome_complete_genome	genome	+	NZ_CP025856.1	t_nt_shob_ohsc_sr	NaN - rows are merged	blastn	NaN - rows are merged	4275590	4275670	81	1	81	81	5104962
1250bt	Escherichia_coli_strain_504838_chromosome_complete_genome	genome	+	NZ_CP025856.1	t_pro_shob_ohsc_sr	NaN - rows are merged	tblastn	NaN - rows are merged	4275590	4275667	78	1	26	26	5104962
10503bt	Escherichia_coli_strain_50579417_chromosome_complete_genome	genome	-	NZ_CP033884.1	t_nt_shob_ohsc_sr	NaN - rows are merged	blastn	NaN - rows are merged	755333	755253	81	1	81	81	5206490
1212bt	Escherichia_coli_strain_50579417_chromosome_complete_genome	genome	-	NZ_CP033884.1	t_pro_shob_ohsc_sr	NaN - rows are merged	tblastn	NaN - rows are merged	755333	755256	78	1	26	26	5206490
10599bat	Escherichia_coli_strain_50579417_chromosome_complete_genome	genome	+	NZ_CP033884.1	at_nt_shob_ohsc_sr	NaN - rows are merged	blastn	NaN - rows are merged	755656	755732	77	1	76	76	5206490
10466bt	Escherichia_coli_strain_510016_chromosome_complete_genome	genome	-	NZ_CP025851.1	t_nt_shob_ohsc_sr	NaN - rows are merged	blastn	NaN - rows are merged	1301175	1301095	81	1	81	81	4885058
1371bt	Escherichia_coli_strain_510016_chromosome_complete_genome	genome	-	NZ_CP025851.1	t_pro_shob_ohsc_sr	NaN - rows are merged	tblastn	NaN - rows are merged	1301175	1301098	78	1	26	26	4885058
10376bat	Escherichia_coli_strain_510016_chromosome_complete_genome	genome	+	NZ_CP025851.1	at_nt_shob_ohsc_sr	NaN - rows are merged	blastn	NaN - rows are merged	1301498	1301574	77	1	77	77	4885058
1400bt	Escherichia_coli_strain_51008369SK1_chromosome_complete_genome	genome	-	NZ_CP029973.1	t_pro_shob_ohsc_sr	NaN - rows are merged	tblastn	NaN - rows are merged	3537354	3537277	78	1	26	26	4848222
10465bt	Escherichia_coli_strain_51008369SK1_chromosome_complete_genome	genome	-	NZ_CP029973.1	t_nt_shob_ohsc_sr	NaN - rows are merged	blastn	NaN - rows are merged	3537354	3537274	81	1	81	81	4848222
10375bat	Escherichia_coli_strain_51008369SK1_chromosome_complete_genome	genome	+	NZ_CP029973.1	at_nt_shob_ohsc_sr	NaN - rows are merged	blastn	NaN - rows are merged	3537677	3537753	77	1	77	77	4848222
10464bt	Escherichia_coli_strain_5A_chromosome_complete_genome	genome	-	NZ_CP026351.1	t_nt_shob_ohsc_sr	NaN - rows are merged	blastn	NaN - rows are merged	2700197	2700117	81	1	81	81	4651848
1028bt	Escherichia_coli_strain_5A_chromosome_complete_genome	genome	-	NZ_CP026351.1	t_pro_shob_ohsc_sr	NaN - rows are merged	tblastn	NaN - rows are merged	2700197	2700120	78	1	26	26	4651848
10374bat	Escherichia_coli_strain_5A_chromosome_complete_genome	genome	+	NZ_CP026351.1	at_nt_shob_ohsc_sr	NaN - rows are merged	blastn	NaN - rows are merged	2700520	2700596	77	1	77	77	4651848
11762bat	Escherichia_coli_strain_5CRE51_chromosome_complete_genome	genome	-	NZ_CP021175.1	at_nt_shob_ohsc_sr	NaN - rows are merged	blastn	NaN - rows are merged	2719647	2719571	77	1	77	77	5041366
10502bt	Escherichia_coli_strain_5CRE51_chromosome_complete_genome	genome	+	NZ_CP021175.1	t_nt_shob_ohsc_sr	NaN - rows are merged	blastn	NaN - rows are merged	2719970	2720050	81	1	81	81	5041366
1283bt	Escherichia_coli_strain_5CRE51_chromosome_complete_genome	genome	+	NZ_CP021175.1	t_pro_shob_ohsc_sr	NaN - rows are merged	tblastn	NaN - rows are merged	2719970	2720047	78	1	26	26	5041366
10463bt	Escherichia_coli_strain_5FA_chromosome_complete_genome	genome	-	NZ_CP026350.1	t_nt_shob_ohsc_sr	NaN - rows are merged	blastn	NaN - rows are merged	2700197	2700117	81	1	81	81	4651849
1027bt	Escherichia_coli_strain_5FA_chromosome_complete_genome	genome	-	NZ_CP026350.1	t_pro_shob_ohsc_sr	NaN - rows are merged	tblastn	NaN - rows are merged	2700197	2700120	78	1	26	26	4651849
10373bat	Escherichia_coli_strain_5FA_chromosome_complete_genome	genome	+	NZ_CP026350.1	at_nt_shob_ohsc_sr	NaN - rows are merged	blastn	NaN - rows are merged	2700520	2700596	77	1	77	77	4651849
10936bat	Escherichia_coli_strain_600468_chromosome_complete_genome	genome	-	NZ_CP025849.1	at_nt_shob_ohsc_sr	NaN - rows are merged	blastn	NaN - rows are merged	2686348	2686272	77	1	76	76	4818782
10462bt	Escherichia_coli_strain_600468_chromosome_complete_genome	genome	+	NZ_CP025849.1	t_nt_shob_ohsc_sr	NaN - rows are merged	blastn	NaN - rows are merged	2686671	2686751	81	1	81	81	4818782
1423bt	Escherichia_coli_strain_600468_chromosome_complete_genome	genome	+	NZ_CP025849.1	t_pro_shob_ohsc_sr	NaN - rows are merged	tblastn	NaN - rows are merged	2686671	2686748	78	1	26	26	4818782
10461bt	Escherichia_coli_strain_602354_chromosome_complete_genome	genome	-	NZ_CP025847.1	t_nt_shob_ohsc_sr	NaN - rows are merged	blastn	NaN - rows are merged	476213	476133	81	1	81	81	5058551
1273bt	Escherichia_coli_strain_602354_chromosome_complete_genome	genome	-	NZ_CP025847.1	t_pro_shob_ohsc_sr	NaN - rows are merged	tblastn	NaN - rows are merged	476213	476136	78	1	26	26	5058551
10371bat	Escherichia_coli_strain_602354_chromosome_complete_genome	genome	+	NZ_CP025847.1	at_nt_shob_ohsc_sr	NaN - rows are merged	blastn	NaN - rows are merged	476536	476612	77	1	77	77	5058551
10460bt	Escherichia_coli_strain_6409_complete_genome	genome	-	NZ_CP010371.1	t_nt_shob_ohsc_sr	NaN - rows are merged	blastn	NaN - rows are merged	2776159	2776079	81	1	81	81	4761012
1469bt	Escherichia_coli_strain_6409_complete_genome	genome	-	NZ_CP010371.1	t_pro_shob_ohsc_sr	NaN - rows are merged	tblastn	NaN - rows are merged	2776159	2776082	78	1	26	26	4761012
10370bat	Escherichia_coli_strain_6409_complete_genome	genome	+	NZ_CP010371.1	at_nt_shob_ohsc_sr	NaN - rows are merged	blastn	NaN - rows are merged	2776482	2776558	77	1	77	77	4761012
1365bt	Escherichia_coli_strain_675SK2_chromosome_complete_genome	genome	-	NZ_CP027701.1	t_pro_shob_ohsc_sr	NaN - rows are merged	tblastn	NaN - rows are merged	3635376	3635299	78	1	26	26	4889200
10501bt	Escherichia_coli_strain_675SK2_chromosome_complete_genome	genome	-	NZ_CP027701.1	t_nt_shob_ohsc_sr	NaN - rows are merged	blastn	NaN - rows are merged	3635376	3635296	81	1	81	81	4889200
11041bat	Escherichia_coli_strain_675SK2_chromosome_complete_genome	genome	+	NZ_CP027701.1	at_nt_shob_ohsc_sr	NaN - rows are merged	blastn	NaN - rows are merged	3635699	3635774	76	1	76	76	4889200
10459bt	Escherichia_coli_strain_6A_chromosome_complete_genome	genome	-	NZ_CP026349.1	t_nt_shob_ohsc_sr	NaN - rows are merged	blastn	NaN - rows are merged	2700196	2700116	81	1	81	81	4651793
10369bat	Escherichia_coli_strain_6A_chromosome_complete_genome	genome	+	NZ_CP026349.1	at_nt_shob_ohsc_sr	NaN - rows are merged	blastn	NaN - rows are merged	2700519	2700595	77	1	77	77	4651793
10458bt	Escherichia_coli_strain_6FA_chromosome_complete_genome	genome	-	NZ_CP026348.1	t_nt_shob_ohsc_sr	NaN - rows are merged	blastn	NaN - rows are merged	2700197	2700117	81	1	81	81	4651848
1026bt	Escherichia_coli_strain_6FA_chromosome_complete_genome	genome	-	NZ_CP026348.1	t_pro_shob_ohsc_sr	NaN - rows are merged	tblastn	NaN - rows are merged	2700197	2700120	78	1	26	26	4651848
10368bat	Escherichia_coli_strain_6FA_chromosome_complete_genome	genome	+	NZ_CP026348.1	at_nt_shob_ohsc_sr	NaN - rows are merged	blastn	NaN - rows are merged	2700520	2700596	77	1	77	77	4651848
8032bat	Escherichia_coli_strain_720632_chromosome_complete_genome	genome	-	NZ_CP025842.1	at_nt_shob_ohsc_sr	NaN - rows are merged	blastn	NaN - rows are merged	4262689	4262625	65	1	66	66	4816445
10457bt	Escherichia_coli_strain_720632_chromosome_complete_genome	genome	+	NZ_CP025842.1	t_nt_shob_ohsc_sr	NaN - rows are merged	blastn	NaN - rows are merged	4263024	4263104	81	1	81	81	4816445
1428bt	Escherichia_coli_strain_720632_chromosome_complete_genome	genome	+	NZ_CP025842.1	t_pro_shob_ohsc_sr	NaN - rows are merged	tblastn	NaN - rows are merged	4263024	4263101	78	1	26	26	4816445
12234bat	Escherichia_coli_strain_746_chromosome_complete_genome	genome	-	NZ_CP023353.1	at_nt_shob_ohsc_sr	NaN - rows are merged	blastn	NaN - rows are merged	1388959	1388883	77	1	76	76	5089615
10499bt	Escherichia_coli_strain_746_chromosome_complete_genome	genome	+	NZ_CP023353.1	t_nt_shob_ohsc_sr	NaN - rows are merged	blastn	NaN - rows are merged	1389282	1389362	81	1	81	81	5089615
1261bt	Escherichia_coli_strain_746_chromosome_complete_genome	genome	+	NZ_CP023353.1	t_pro_shob_ohsc_sr	NaN - rows are merged	tblastn	NaN - rows are merged	1389282	1389359	78	1	26	26	5089615
10456bt	Escherichia_coli_strain_7784_chromosome_complete_genome	genome	-	NZ_CP018247.1	t_nt_shob_ohsc_sr	NaN - rows are merged	blastn	NaN - rows are merged	3322052	3321972	81	1	81	81	5370710
1163bt	Escherichia_coli_strain_7784_chromosome_complete_genome	genome	-	NZ_CP018247.1	t_pro_shob_ohsc_sr	NaN - rows are merged	tblastn	NaN - rows are merged	3322052	3321975	78	1	26	26	5370710
11740bat	Escherichia_coli_strain_7784_chromosome_complete_genome	genome	+	NZ_CP018247.1	at_nt_shob_ohsc_sr	NaN - rows are merged	blastn	NaN - rows are merged	3322387	3322452	66	1	67	67	5370710
10455bt	Escherichia_coli_strain_7A_chromosome_complete_genome	genome	-	NZ_CP026347.1	t_nt_shob_ohsc_sr	NaN - rows are merged	blastn	NaN - rows are merged	2700197	2700117	81	1	81	81	4651842
10367bat	Escherichia_coli_strain_7A_chromosome_complete_genome	genome	+	NZ_CP026347.1	at_nt_shob_ohsc_sr	NaN - rows are merged	blastn	NaN - rows are merged	2700520	2700596	77	1	77	77	4651842
10454bt	Escherichia_coli_strain_7FA_chromosome_complete_genome	genome	-	NZ_CP026346.1	t_nt_shob_ohsc_sr	NaN - rows are merged	blastn	NaN - rows are merged	2700197	2700117	81	1	81	81	4651843
10366bat	Escherichia_coli_strain_7FA_chromosome_complete_genome	genome	+	NZ_CP026346.1	at_nt_shob_ohsc_sr	NaN - rows are merged	blastn	NaN - rows are merged	2700520	2700596	77	1	77	77	4651843
10500bt	Escherichia_coli_strain_7_2_chromosome_complete_genome	genome	-	NZ_CP023820.1	t_nt_shob_ohsc_sr	NaN - rows are merged	blastn	NaN - rows are merged	3005647	3005567	81	1	81	81	5099240
1256bt	Escherichia_coli_strain_7_2_chromosome_complete_genome	genome	-	NZ_CP023820.1	t_pro_shob_ohsc_sr	NaN - rows are merged	tblastn	NaN - rows are merged	3005647	3005570	78	1	26	26	5099240
10597bat	Escherichia_coli_strain_7_2_chromosome_complete_genome	genome	+	NZ_CP023820.1	at_nt_shob_ohsc_sr	NaN - rows are merged	blastn	NaN - rows are merged	3005970	3006046	77	1	76	76	5099240
13392bat	Escherichia_coli_strain_81009_chromosome_complete_genome	genome	-	NZ_CP021179.1	at_nt_shob_ohsc_sr	NaN - rows are merged	blastn	NaN - rows are merged	1885722	1885657	66	1	66	66	5012084
10052bt	Escherichia_coli_strain_81009_chromosome_complete_genome	genome	+	NZ_CP021179.1	t_nt_shob_ohsc_sr	NaN - rows are merged	blastn	NaN - rows are merged	1886057	1886137	81	1	81	81	5012084
10452bt	Escherichia_coli_strain_88_3001_chromosome_complete_genome	genome	-	NZ_CP027363.1	t_nt_shob_ohsc_sr	NaN - rows are merged	blastn	NaN - rows are merged	506625	506545	81	1	81	81	5195753
1218bt	Escherichia_coli_strain_88_3001_chromosome_complete_genome	genome	-	NZ_CP027363.1	t_pro_shob_ohsc_sr	NaN - rows are merged	tblastn	NaN - rows are merged	506625	506548	78	1	26	26	5195753
10365bat	Escherichia_coli_strain_88_3001_chromosome_complete_genome	genome	+	NZ_CP027363.1	at_nt_shob_ohsc_sr	NaN - rows are merged	blastn	NaN - rows are merged	506948	507024	77	1	77	77	5195753
13391bat	Escherichia_coli_strain_88_3493_chromosome_complete_genome	genome	-	NZ_CP027457.1	at_nt_shob_ohsc_sr	NaN - rows are merged	blastn	NaN - rows are merged	3161929	3161864	66	1	66	66	5001754
1298bt	Escherichia_coli_strain_88_3493_chromosome_complete_genome	genome	+	NZ_CP027457.1	t_pro_shob_ohsc_sr	NaN - rows are merged	tblastn	NaN - rows are merged	3162264	3162341	78	1	26	26	5001754
10451bt	Escherichia_coli_strain_88_3493_chromosome_complete_genome	genome	+	NZ_CP027457.1	t_nt_shob_ohsc_sr	NaN - rows are merged	blastn	NaN - rows are merged	3162264	3162344	81	1	81	81	5001754
10450bt	Escherichia_coli_strain_89_3156_chromosome_complete_genome	genome	-	NZ_CP027366.1	t_nt_shob_ohsc_sr	NaN - rows are merged	blastn	NaN - rows are merged	2947795	2947715	81	1	81	81	5065883
1270bt	Escherichia_coli_strain_89_3156_chromosome_complete_genome	genome	-	NZ_CP027366.1	t_pro_shob_ohsc_sr	NaN - rows are merged	tblastn	NaN - rows are merged	2947795	2947718	78	1	26	26	5065883
10596bat	Escherichia_coli_strain_89_3156_chromosome_complete_genome	genome	+	NZ_CP027366.1	at_nt_shob_ohsc_sr	NaN - rows are merged	blastn	NaN - rows are merged	2948118	2948193	76	1	76	76	5065883
10950bt	Escherichia_coli_strain_89_3506_isolate_89_3506_chromosome	chromosome	-	NZ_CP027520.1	t_nt_shob_ohsc_sr	NaN - rows are merged	blastn	NaN - rows are merged	842232	842152	81	1	81	81	5178486
1139bt	Escherichia_coli_strain_89_3506_isolate_89_3506_chromosome	chromosome	-	NZ_CP027520.1	t_pro_shob_ohsc_sr	NaN - rows are merged	tblastn	NaN - rows are merged	842232	842155	78	1	26	26	5178486
10063bat	Escherichia_coli_strain_89_3506_isolate_89_3506_chromosome	chromosome	+	NZ_CP027520.1	at_nt_shob_ohsc_sr	NaN - rows are merged	blastn	NaN - rows are merged	842566	842631	66	1	66	66	5178486
10449bt	Escherichia_coli_strain_8A_chromosome_complete_genome	genome	-	NZ_CP026345.1	t_nt_shob_ohsc_sr	NaN - rows are merged	blastn	NaN - rows are merged	2700197	2700117	81	1	81	81	4651843
10364bat	Escherichia_coli_strain_8A_chromosome_complete_genome	genome	+	NZ_CP026345.1	at_nt_shob_ohsc_sr	NaN - rows are merged	blastn	NaN - rows are merged	2700520	2700596	77	1	77	77	4651843
10448bt	Escherichia_coli_strain_8FA_chromosome_complete_genome	genome	-	NZ_CP026344.1	t_nt_shob_ohsc_sr	NaN - rows are merged	blastn	NaN - rows are merged	2700197	2700117	81	1	81	81	4651849
1025bt	Escherichia_coli_strain_8FA_chromosome_complete_genome	genome	-	NZ_CP026344.1	t_pro_shob_ohsc_sr	NaN - rows are merged	tblastn	NaN - rows are merged	2700197	2700120	78	1	26	26	4651849
10363bat	Escherichia_coli_strain_8FA_chromosome_complete_genome	genome	+	NZ_CP026344.1	at_nt_shob_ohsc_sr	NaN - rows are merged	blastn	NaN - rows are merged	2700520	2700596	77	1	77	77	4651849
10447bt	Escherichia_coli_strain_9000_complete_genome	genome	-	NZ_CP018252.1	t_nt_shob_ohsc_sr	NaN - rows are merged	blastn	NaN - rows are merged	3460830	3460750	81	1	81	81	5516497
1102bt	Escherichia_coli_strain_9000_complete_genome	genome	-	NZ_CP018252.1	t_pro_shob_ohsc_sr	NaN - rows are merged	tblastn	NaN - rows are merged	3460830	3460753	78	1	26	26	5516497
11737bat	Escherichia_coli_strain_9000_complete_genome	genome	+	NZ_CP018252.1	at_nt_shob_ohsc_sr	NaN - rows are merged	blastn	NaN - rows are merged	3461165	3461230	66	1	67	67	5516497
10925bat	Escherichia_coli_strain_90_3040_chromosome_complete_genome	genome	-	NZ_CP027459.1	at_nt_shob_ohsc_sr	NaN - rows are merged	blastn	NaN - rows are merged	117252	117176	77	1	76	76	5253712
10446bt	Escherichia_coli_strain_90_3040_chromosome_complete_genome	genome	+	NZ_CP027459.1	t_nt_shob_ohsc_sr	NaN - rows are merged	blastn	NaN - rows are merged	117575	117655	81	1	81	81	5253712
1201bt	Escherichia_coli_strain_90_3040_chromosome_complete_genome	genome	+	NZ_CP027459.1	t_pro_shob_ohsc_sr	NaN - rows are merged	tblastn	NaN - rows are merged	117575	117652	78	1	26	26	5253712
10115bat	Escherichia_coli_strain_90_9276_chromosome	chromosome	-	NZ_CP024299.1	at_nt_shob_ohsc_sr	NaN - rows are merged	blastn	NaN - rows are merged	4974413	4974337	77	2	66	66	5004671
10924bt	Escherichia_coli_strain_90_9276_chromosome	chromosome	+	NZ_CP024299.1	t_nt_shob_ohsc_sr	NaN - rows are merged	blastn	NaN - rows are merged	4974736	4974816	81	1	81	81	5004671
1105bt	Escherichia_coli_strain_90_9276_chromosome	chromosome	+	NZ_CP024299.1	t_pro_shob_ohsc_sr	NaN - rows are merged	tblastn	NaN - rows are merged	4974736	4974813	78	1	26	26	5004671
10445bt	Escherichia_coli_strain_94_3024_complete_genome	genome	-	NZ_CP009106.2	t_nt_shob_ohsc_sr	NaN - rows are merged	blastn	NaN - rows are merged	3596436	3596356	81	1	81	81	4884464
1373bt	Escherichia_coli_strain_94_3024_complete_genome	genome	-	NZ_CP009106.2	t_pro_shob_ohsc_sr	NaN - rows are merged	tblastn	NaN - rows are merged	3596436	3596359	78	1	26	26	4884464
10361bat	Escherichia_coli_strain_94_3024_complete_genome	genome	+	NZ_CP009106.2	at_nt_shob_ohsc_sr	NaN - rows are merged	blastn	NaN - rows are merged	3596759	3596835	77	1	77	77	4884464
10444bt	Escherichia_coli_strain_95JB1_chromosome_complete_genome	genome	-	NZ_CP021335.1	t_nt_shob_ohsc_sr	NaN - rows are merged	blastn	NaN - rows are merged	3171139	3171059	81	1	81	81	5347911
1170bt	Escherichia_coli_strain_95JB1_chromosome_complete_genome	genome	-	NZ_CP021335.1	t_pro_shob_ohsc_sr	NaN - rows are merged	tblastn	NaN - rows are merged	3171139	3171062	78	1	26	26	5347911
10360bat	Escherichia_coli_strain_95JB1_chromosome_complete_genome	genome	+	NZ_CP021335.1	at_nt_shob_ohsc_sr	NaN - rows are merged	blastn	NaN - rows are merged	3171462	3171538	77	1	77	77	5347911
10443bt	Escherichia_coli_strain_95NR1_chromosome_complete_genome	genome	-	NZ_CP021339.1	t_nt_shob_ohsc_sr	NaN - rows are merged	blastn	NaN - rows are merged	3171489	3171409	81	1	81	81	5467988
105bt	Escherichia_coli_strain_95NR1_chromosome_complete_genome	genome	-	NZ_CP021339.1	t_pro_shob_ohsc_sr	NaN - rows are merged	tblastn	NaN - rows are merged	3171489	3171412	78	1	26	26	5467988
10359bat	Escherichia_coli_strain_95NR1_chromosome_complete_genome	genome	+	NZ_CP021339.1	at_nt_shob_ohsc_sr	NaN - rows are merged	blastn	NaN - rows are merged	3171812	3171888	77	1	77	77	5467988
10871bt	Escherichia_coli_strain_95_3192_chromosome_complete_genome	genome	-	NZ_CP027362.1	t_nt_shob_ohsc_sr	NaN - rows are merged	blastn	NaN - rows are merged	1734835	1734755	81	1	81	81	5385516
1046bt	Escherichia_coli_strain_95_3192_chromosome_complete_genome	genome	-	NZ_CP027362.1	t_pro_shob_ohsc_sr	NaN - rows are merged	tblastn	NaN - rows are merged	1734835	1734758	78	1	26	26	5385516
10555bat	Escherichia_coli_strain_95_3192_chromosome_complete_genome	genome	+	NZ_CP027362.1	at_nt_shob_ohsc_sr	NaN - rows are merged	blastn	NaN - rows are merged	1735158	1735234	77	1	76	76	5385516
10051bt	Escherichia_coli_strain_95_3322_chromosome_complete_genome	genome	-	NZ_CP027461.1	t_nt_shob_ohsc_sr	NaN - rows are merged	blastn	NaN - rows are merged	2997036	2996956	81	1	81	81	5095223
11736bat	Escherichia_coli_strain_95_3322_chromosome_complete_genome	genome	+	NZ_CP027461.1	at_nt_shob_ohsc_sr	NaN - rows are merged	blastn	NaN - rows are merged	2997371	2997436	66	1	67	67	5095223
10921bat	Escherichia_coli_strain_97_3250_chromosome_complete_genome	genome	-	NZ_CP027599.1	at_nt_shob_ohsc_sr	NaN - rows are merged	blastn	NaN - rows are merged	1372701	1372625	77	1	76	76	5942969
10442bt	Escherichia_coli_strain_97_3250_chromosome_complete_genome	genome	+	NZ_CP027599.1	t_nt_shob_ohsc_sr	NaN - rows are merged	blastn	NaN - rows are merged	1373024	1373104	81	1	81	81	5942969
1068bt	Escherichia_coli_strain_97_3250_chromosome_complete_genome	genome	+	NZ_CP027599.1	t_pro_shob_ohsc_sr	NaN - rows are merged	tblastn	NaN - rows are merged	1373024	1373101	78	1	26	26	5942969
13064bat	Escherichia_coli_strain_99_3165_chromosome_complete_genome	genome	-	NZ_CP029981.1	at_nt_shob_ohsc_sr	NaN - rows are merged	blastn	NaN - rows are merged	1548554	1548479	76	2	75	75	4703465
10441bt	Escherichia_coli_strain_99_3165_chromosome_complete_genome	genome	+	NZ_CP029981.1	t_nt_shob_ohsc_sr	NaN - rows are merged	blastn	NaN - rows are merged	1548630	1548710	81	1	81	81	4703465
1022bt	Escherichia_coli_strain_99_3165_chromosome_complete_genome	genome	+	NZ_CP029981.1	t_pro_shob_ohsc_sr	NaN - rows are merged	tblastn	NaN - rows are merged	1548630	1548707	78	1	26	26	4703465
10440bt	Escherichia_coli_strain_9A_chromosome_complete_genome	genome	-	NZ_CP026343.1	t_nt_shob_ohsc_sr	NaN - rows are merged	blastn	NaN - rows are merged	2700196	2700116	81	1	81	81	4651842
1037bt	Escherichia_coli_strain_9A_chromosome_complete_genome	genome	-	NZ_CP026343.1	t_pro_shob_ohsc_sr	NaN - rows are merged	tblastn	NaN - rows are merged	2700196	2700119	78	1	26	26	4651842
10357bat	Escherichia_coli_strain_9A_chromosome_complete_genome	genome	+	NZ_CP026343.1	at_nt_shob_ohsc_sr	NaN - rows are merged	blastn	NaN - rows are merged	2700519	2700595	77	1	77	77	4651842
1036bt	Escherichia_coli_strain_9FA_chromosome_complete_genome	genome	-	NZ_CP026342.1	t_pro_shob_ohsc_sr	NaN - rows are merged	tblastn	NaN - rows are merged	2700197	2700120	78	1	26	26	4651847
10439bt	Escherichia_coli_strain_9FA_chromosome_complete_genome	genome	-	NZ_CP026342.1	t_nt_shob_ohsc_sr	NaN - rows are merged	blastn	NaN - rows are merged	2700197	2700117	81	1	81	81	4651847
10356bat	Escherichia_coli_strain_9FA_chromosome_complete_genome	genome	+	NZ_CP026342.1	at_nt_shob_ohsc_sr	NaN - rows are merged	blastn	NaN - rows are merged	2700520	2700596	77	1	77	77	4651847
10918bat	Escherichia_coli_strain_ABWA45_chromosome_complete_genome	genome	-	NZ_CP022154.1	at_nt_shob_ohsc_sr	NaN - rows are merged	blastn	NaN - rows are merged	1299421	1299345	77	1	76	76	5094639
10438bt	Escherichia_coli_strain_ABWA45_chromosome_complete_genome	genome	+	NZ_CP022154.1	t_nt_shob_ohsc_sr	NaN - rows are merged	blastn	NaN - rows are merged	1299744	1299824	81	1	81	81	5094639
1258bt	Escherichia_coli_strain_ABWA45_chromosome_complete_genome	genome	+	NZ_CP022154.1	t_pro_shob_ohsc_sr	NaN - rows are merged	tblastn	NaN - rows are merged	1299744	1299821	78	1	26	26	5094639
10437bt	Escherichia_coli_strain_ACN002_complete_genome	genome	-	NZ_CP007491.1	t_nt_shob_ohsc_sr	NaN - rows are merged	blastn	NaN - rows are merged	2759120	2759040	81	1	81	81	4879931
1377bt	Escherichia_coli_strain_ACN002_complete_genome	genome	-	NZ_CP007491.1	t_pro_shob_ohsc_sr	NaN - rows are merged	tblastn	NaN - rows are merged	2759120	2759043	78	1	26	26	4879931
10595bat	Escherichia_coli_strain_ACN002_complete_genome	genome	+	NZ_CP007491.1	at_nt_shob_ohsc_sr	NaN - rows are merged	blastn	NaN - rows are merged	2759443	2759518	76	1	76	76	4879931
10917bat	Escherichia_coli_strain_AMA1167_chromosome_complete_genome	genome	-	NZ_CP024801.1	at_nt_shob_ohsc_sr	NaN - rows are merged	blastn	NaN - rows are merged	1244082	1244006	77	1	76	76	4767526
1466bt	Escherichia_coli_strain_AMA1167_chromosome_complete_genome	genome	+	NZ_CP024801.1	t_pro_shob_ohsc_sr	NaN - rows are merged	tblastn	NaN - rows are merged	1244405	1244482	78	1	26	26	4767526
10436bt	Escherichia_coli_strain_AMA1167_chromosome_complete_genome	genome	+	NZ_CP024801.1	t_nt_shob_ohsc_sr	NaN - rows are merged	blastn	NaN - rows are merged	1244405	1244485	81	1	81	81	4767526
10435bt	Escherichia_coli_strain_AMSCJX02_chromosome_complete_genome	genome	-	NZ_CP031105.1	t_nt_shob_ohsc_sr	NaN - rows are merged	blastn	NaN - rows are merged	1113765	1113685	81	1	81	81	4784688
1458bt	Escherichia_coli_strain_AMSCJX02_chromosome_complete_genome	genome	-	NZ_CP031105.1	t_pro_shob_ohsc_sr	NaN - rows are merged	tblastn	NaN - rows are merged	1113765	1113688	78	1	26	26	4784688
10353bat	Escherichia_coli_strain_AMSCJX02_chromosome_complete_genome	genome	+	NZ_CP031105.1	at_nt_shob_ohsc_sr	NaN - rows are merged	blastn	NaN - rows are merged	1114088	1114164	77	1	77	77	4784688
10915bat	Escherichia_coli_strain_AMSHJX01_chromosome_complete_genome	genome	-	NZ_CP030939.1	at_nt_shob_ohsc_sr	NaN - rows are merged	blastn	NaN - rows are merged	1225542	1225466	77	1	76	76	5023979
10434bt	Escherichia_coli_strain_AMSHJX01_chromosome_complete_genome	genome	+	NZ_CP030939.1	t_nt_shob_ohsc_sr	NaN - rows are merged	blastn	NaN - rows are merged	1225865	1225945	81	1	81	81	5023979
1290bt	Escherichia_coli_strain_AMSHJX01_chromosome_complete_genome	genome	+	NZ_CP030939.1	t_pro_shob_ohsc_sr	NaN - rows are merged	tblastn	NaN - rows are merged	1225865	1225942	78	1	26	26	5023979
10900bat	Escherichia_coli_strain_AR434_chromosome_complete_genome	genome	-	NZ_CP029122.1	at_nt_shob_ohsc_sr	NaN - rows are merged	blastn	NaN - rows are merged	1498848	1498772	77	1	76	76	4695904
1031bt	Escherichia_coli_strain_AR434_chromosome_complete_genome	genome	+	NZ_CP029122.1	t_pro_shob_ohsc_sr	NaN - rows are merged	tblastn	NaN - rows are merged	1499171	1499248	78	1	26	26	4695904
10419bt	Escherichia_coli_strain_AR434_chromosome_complete_genome	genome	+	NZ_CP029122.1	t_nt_shob_ohsc_sr	NaN - rows are merged	blastn	NaN - rows are merged	1499171	1499251	81	1	81	81	4695904
10418bt	Escherichia_coli_strain_AR435_chromosome_complete_genome	genome	-	NZ_CP029115.1	t_nt_shob_ohsc_sr	NaN - rows are merged	blastn	NaN - rows are merged	3568055	3567975	81	1	81	81	4831922
1416bt	Escherichia_coli_strain_AR435_chromosome_complete_genome	genome	-	NZ_CP029115.1	t_pro_shob_ohsc_sr	NaN - rows are merged	tblastn	NaN - rows are merged	3568055	3567978	78	1	26	26	4831922
10336bat	Escherichia_coli_strain_AR435_chromosome_complete_genome	genome	+	NZ_CP029115.1	at_nt_shob_ohsc_sr	NaN - rows are merged	blastn	NaN - rows are merged	3568378	3568454	77	1	77	77	4831922
10898bat	Escherichia_coli_strain_AR436_chromosome_complete_genome	genome	-	NZ_CP029111.1	at_nt_shob_ohsc_sr	NaN - rows are merged	blastn	NaN - rows are merged	4322834	4322758	77	1	76	76	4875835
10417bt	Escherichia_coli_strain_AR436_chromosome_complete_genome	genome	+	NZ_CP029111.1	t_nt_shob_ohsc_sr	NaN - rows are merged	blastn	NaN - rows are merged	4323157	4323237	81	1	81	81	4875835
1381bt	Escherichia_coli_strain_AR436_chromosome_complete_genome	genome	+	NZ_CP029111.1	t_pro_shob_ohsc_sr	NaN - rows are merged	tblastn	NaN - rows are merged	4323157	4323234	78	1	26	26	4875835
10897bat	Escherichia_coli_strain_AR437_chromosome_complete_genome	genome	-	NZ_CP029108.1	at_nt_shob_ohsc_sr	NaN - rows are merged	blastn	NaN - rows are merged	2823530	2823454	77	1	76	76	4688906
10416bt	Escherichia_coli_strain_AR437_chromosome_complete_genome	genome	+	NZ_CP029108.1	t_nt_shob_ohsc_sr	NaN - rows are merged	blastn	NaN - rows are merged	2823853	2823933	81	1	81	81	4688906
1000bt	Escherichia_coli_strain_AR437_chromosome_complete_genome	genome	+	NZ_CP029108.1	t_pro_shob_ohsc_sr	NaN - rows are merged	tblastn	NaN - rows are merged	2823853	2823930	78	1	26	26	4688906
10498bt	Escherichia_coli_strain_AR_0006_complete_genome	genome	-	NZ_CP024851.1	t_nt_shob_ohsc_sr	NaN - rows are merged	blastn	NaN - rows are merged	4702759	4702679	81	1	81	81	5054076
1276bt	Escherichia_coli_strain_AR_0006_complete_genome	genome	-	NZ_CP024851.1	t_pro_shob_ohsc_sr	NaN - rows are merged	tblastn	NaN - rows are merged	4702759	4702682	78	1	26	26	5054076
10594bat	Escherichia_coli_strain_AR_0006_complete_genome	genome	+	NZ_CP024851.1	at_nt_shob_ohsc_sr	NaN - rows are merged	blastn	NaN - rows are merged	4703082	4703158	77	1	76	76	5054076
10433bt	Escherichia_coli_strain_AR_0011_complete_genome	genome	-	NZ_CP024855.1	t_nt_shob_ohsc_sr	NaN - rows are merged	blastn	NaN - rows are merged	2180907	2180827	81	1	81	81	4856773
1395bt	Escherichia_coli_strain_AR_0011_complete_genome	genome	-	NZ_CP024855.1	t_pro_shob_ohsc_sr	NaN - rows are merged	tblastn	NaN - rows are merged	2180907	2180830	78	1	26	26	4856773
10351bat	Escherichia_coli_strain_AR_0011_complete_genome	genome	+	NZ_CP024855.1	at_nt_shob_ohsc_sr	NaN - rows are merged	blastn	NaN - rows are merged	2181230	2181306	77	1	77	77	4856773
13094bat	Escherichia_coli_strain_AR_0013_chromosome_complete_genome	genome	-	NZ_CP032204.1	at_nt_shob_ohsc_sr	NaN - rows are merged	blastn	NaN - rows are merged	2683462	2683396	67	1	66	66	5410835
12595bt	Escherichia_coli_strain_AR_0013_chromosome_complete_genome	genome	+	NZ_CP032204.1	t_nt_shob_ohsc_sr	NaN - rows are merged	blastn	NaN - rows are merged	2683797	2683877	81	1	81	81	5410835
1147bt	Escherichia_coli_strain_AR_0013_chromosome_complete_genome	genome	+	NZ_CP032204.1	t_pro_shob_ohsc_sr	NaN - rows are merged	tblastn	NaN - rows are merged	2683797	2683874	78	1	26	26	5410835
10913bat	Escherichia_coli_strain_AR_0014_complete_genome	genome	-	NZ_CP024859.1	at_nt_shob_ohsc_sr	NaN - rows are merged	blastn	NaN - rows are merged	3887062	3886986	77	1	76	76	4839565
10432bt	Escherichia_coli_strain_AR_0014_complete_genome	genome	+	NZ_CP024859.1	t_nt_shob_ohsc_sr	NaN - rows are merged	blastn	NaN - rows are merged	3887385	3887465	81	1	81	81	4839565
1406bt	Escherichia_coli_strain_AR_0014_complete_genome	genome	+	NZ_CP024859.1	t_pro_shob_ohsc_sr	NaN - rows are merged	tblastn	NaN - rows are merged	3887385	3887462	78	1	26	26	4839565
10497bt	Escherichia_coli_strain_AR_0015_complete_genome	genome	-	NZ_CP024862.1	t_nt_shob_ohsc_sr	NaN - rows are merged	blastn	NaN - rows are merged	1205669	1205589	81	1	81	81	5107874
1249bt	Escherichia_coli_strain_AR_0015_complete_genome	genome	-	NZ_CP024862.1	t_pro_shob_ohsc_sr	NaN - rows are merged	tblastn	NaN - rows are merged	1205669	1205592	78	1	26	26	5107874
10593bat	Escherichia_coli_strain_AR_0015_complete_genome	genome	+	NZ_CP024862.1	at_nt_shob_ohsc_sr	NaN - rows are merged	blastn	NaN - rows are merged	1205992	1206068	77	1	76	76	5107874
10050bt	Escherichia_coli_strain_AR_0017_chromosome_complete_genome	genome	-	NZ_CP024886.1	t_nt_shob_ohsc_sr	NaN - rows are merged	blastn	NaN - rows are merged	2080356	2080276	81	1	81	81	5036925
11733bat	Escherichia_coli_strain_AR_0017_chromosome_complete_genome	genome	+	NZ_CP024886.1	at_nt_shob_ohsc_sr	NaN - rows are merged	blastn	NaN - rows are merged	2080691	2080756	66	1	67	67	5036925
10912bat	Escherichia_coli_strain_AR_0019_chromosome_complete_genome	genome	-	NZ_CP024889.1	at_nt_shob_ohsc_sr	NaN - rows are merged	blastn	NaN - rows are merged	616544	616468	77	1	76	76	4643903
10431bt	Escherichia_coli_strain_AR_0019_chromosome_complete_genome	genome	+	NZ_CP024889.1	t_nt_shob_ohsc_sr	NaN - rows are merged	blastn	NaN - rows are merged	616867	616947	81	1	81	81	4643903
10049bt	Escherichia_coli_strain_AR_0055_chromosome_complete_genome	genome	-	NZ_CP021935.1	t_nt_shob_ohsc_sr	NaN - rows are merged	blastn	NaN - rows are merged	894903	894823	81	1	81	81	5141314
11732bat	Escherichia_coli_strain_AR_0055_chromosome_complete_genome	genome	+	NZ_CP021935.1	at_nt_shob_ohsc_sr	NaN - rows are merged	blastn	NaN - rows are merged	895238	895303	66	1	67	67	5141314
10048bt	Escherichia_coli_strain_AR_0058_complete_genome	genome	-	NZ_CP021689.1	t_nt_shob_ohsc_sr	NaN - rows are merged	blastn	NaN - rows are merged	4683026	4682946	81	1	81	81	4940441
11731bat	Escherichia_coli_strain_AR_0058_complete_genome	genome	+	NZ_CP021689.1	at_nt_shob_ohsc_sr	NaN - rows are merged	blastn	NaN - rows are merged	4683361	4683426	66	1	67	67	4940441
10911bat	Escherichia_coli_strain_AR_0061_complete_genome	genome	-	NZ_CP020058.1	at_nt_shob_ohsc_sr	NaN - rows are merged	blastn	NaN - rows are merged	4163349	4163273	77	1	76	76	4595238
10430bt	Escherichia_coli_strain_AR_0061_complete_genome	genome	+	NZ_CP020058.1	t_nt_shob_ohsc_sr	NaN - rows are merged	blastn	NaN - rows are merged	4163672	4163752	81	1	81	81	4595238
11757bat	Escherichia_coli_strain_AR_0067_chromosome_complete_genome	genome	-	NZ_CP032261.1	at_nt_shob_ohsc_sr	NaN - rows are merged	blastn	NaN - rows are merged	1172941	1172865	77	1	77	77	5119553
1242bt	Escherichia_coli_strain_AR_0067_chromosome_complete_genome	genome	+	NZ_CP032261.1	t_pro_shob_ohsc_sr	NaN - rows are merged	tblastn	NaN - rows are merged	1173264	1173341	78	1	26	26	5119553
10496bt	Escherichia_coli_strain_AR_0067_chromosome_complete_genome	genome	+	NZ_CP032261.1	t_nt_shob_ohsc_sr	NaN - rows are merged	blastn	NaN - rows are merged	1173264	1173344	81	1	81	81	5119553
10429bt	Escherichia_coli_strain_AR_0069_complete_genome	genome	-	NZ_CP020055.1	t_nt_shob_ohsc_sr	NaN - rows are merged	blastn	NaN - rows are merged	835871	835791	81	1	81	81	4658583
1021bt	Escherichia_coli_strain_AR_0069_complete_genome	genome	-	NZ_CP020055.1	t_pro_shob_ohsc_sr	NaN - rows are merged	tblastn	NaN - rows are merged	835871	835794	78	1	26	26	4658583
10347bat	Escherichia_coli_strain_AR_0069_complete_genome	genome	+	NZ_CP020055.1	at_nt_shob_ohsc_sr	NaN - rows are merged	blastn	NaN - rows are merged	836194	836270	77	1	77	77	4658583
1304bt	Escherichia_coli_strain_AR_0077_chromosome_complete_genome	genome	-	NZ_CP026755.1	t_pro_shob_ohsc_sr	NaN - rows are merged	tblastn	NaN - rows are merged	2678018	2677941	78	1	26	26	4987160
12594bt	Escherichia_coli_strain_AR_0077_chromosome_complete_genome	genome	-	NZ_CP026755.1	t_nt_shob_ohsc_sr	NaN - rows are merged	blastn	NaN - rows are merged	2678018	2677938	81	1	81	81	4987160
11577bat	Escherichia_coli_strain_AR_0077_chromosome_complete_genome	genome	+	NZ_CP026755.1	at_nt_shob_ohsc_sr	NaN - rows are merged	blastn	NaN - rows are merged	2678352	2678418	67	1	67	67	4987160
13381bat	Escherichia_coli_strain_AR_0081_chromosome_complete_genome	genome	-	NZ_CP027534.1	at_nt_shob_ohsc_sr	NaN - rows are merged	blastn	NaN - rows are merged	2225374	2225309	66	1	66	66	5022408
10047bt	Escherichia_coli_strain_AR_0081_chromosome_complete_genome	genome	+	NZ_CP027534.1	t_nt_shob_ohsc_sr	NaN - rows are merged	blastn	NaN - rows are merged	2225709	2225789	81	1	81	81	5022408
10428bt	Escherichia_coli_strain_AR_0085_chromosome_complete_genome	genome	-	NZ_CP029741.1	t_nt_shob_ohsc_sr	NaN - rows are merged	blastn	NaN - rows are merged	900183	900103	81	1	81	81	5213052
1210bt	Escherichia_coli_strain_AR_0085_chromosome_complete_genome	genome	-	NZ_CP029741.1	t_pro_shob_ohsc_sr	NaN - rows are merged	tblastn	NaN - rows are merged	900183	900106	78	1	26	26	5213052
10346bat	Escherichia_coli_strain_AR_0085_chromosome_complete_genome	genome	+	NZ_CP029741.1	at_nt_shob_ohsc_sr	NaN - rows are merged	blastn	NaN - rows are merged	900506	900582	77	1	77	77	5213052
13380bat	Escherichia_coli_strain_AR_0086_chromosome_complete_genome	genome	-	NZ_CP032201.1	at_nt_shob_ohsc_sr	NaN - rows are merged	blastn	NaN - rows are merged	2221940	2221875	66	1	66	66	5107215
10046bt	Escherichia_coli_strain_AR_0086_chromosome_complete_genome	genome	+	NZ_CP032201.1	t_nt_shob_ohsc_sr	NaN - rows are merged	blastn	NaN - rows are merged	2222275	2222355	81	1	81	81	5107215
13379bat	Escherichia_coli_strain_AR_0089_chromosome_complete_genome	genome	-	NZ_CP032265.1	at_nt_shob_ohsc_sr	NaN - rows are merged	blastn	NaN - rows are merged	3446239	3446174	66	1	66	66	4988092
10045bt	Escherichia_coli_strain_AR_0089_chromosome_complete_genome	genome	+	NZ_CP032265.1	t_nt_shob_ohsc_sr	NaN - rows are merged	blastn	NaN - rows are merged	3446574	3446654	81	1	81	81	4988092
13378bat	Escherichia_coli_strain_AR_0104_complete_genome	genome	-	NZ_CP020116.1	at_nt_shob_ohsc_sr	NaN - rows are merged	blastn	NaN - rows are merged	1002413	1002348	66	1	66	66	4992088
10044bt	Escherichia_coli_strain_AR_0104_complete_genome	genome	+	NZ_CP020116.1	t_nt_shob_ohsc_sr	NaN - rows are merged	blastn	NaN - rows are merged	1002748	1002828	81	1	81	81	4992088
11756bat	Escherichia_coli_strain_AR_0114_complete_genome	genome	-	NZ_CP021732.1	at_nt_shob_ohsc_sr	NaN - rows are merged	blastn	NaN - rows are merged	3850704	3850628	77	1	77	77	4786118
10495bt	Escherichia_coli_strain_AR_0114_complete_genome	genome	+	NZ_CP021732.1	t_nt_shob_ohsc_sr	NaN - rows are merged	blastn	NaN - rows are merged	3851027	3851107	81	1	81	81	4786118
1456bt	Escherichia_coli_strain_AR_0114_complete_genome	genome	+	NZ_CP021732.1	t_pro_shob_ohsc_sr	NaN - rows are merged	tblastn	NaN - rows are merged	3851027	3851104	78	1	26	26	4786118
10908bat	Escherichia_coli_strain_AR_0118_complete_genome	genome	-	NZ_CP020048.1	at_nt_shob_ohsc_sr	NaN - rows are merged	blastn	NaN - rows are merged	3865102	3865026	77	1	76	76	5018461
1294bt	Escherichia_coli_strain_AR_0118_complete_genome	genome	+	NZ_CP020048.1	t_pro_shob_ohsc_sr	NaN - rows are merged	tblastn	NaN - rows are merged	3865425	3865502	78	1	26	26	5018461
10427bt	Escherichia_coli_strain_AR_0118_complete_genome	genome	+	NZ_CP020048.1	t_nt_shob_ohsc_sr	NaN - rows are merged	blastn	NaN - rows are merged	3865425	3865505	81	1	81	81	5018461
10906bat	Escherichia_coli_strain_AR_0119_complete_genome	genome	-	NZ_CP021535.1	at_nt_shob_ohsc_sr	NaN - rows are merged	blastn	NaN - rows are merged	1665044	1664968	77	1	76	76	5029162
10425bt	Escherichia_coli_strain_AR_0119_complete_genome	genome	+	NZ_CP021535.1	t_nt_shob_ohsc_sr	NaN - rows are merged	blastn	NaN - rows are merged	1665367	1665447	81	1	81	81	5029162
1289bt	Escherichia_coli_strain_AR_0119_complete_genome	genome	+	NZ_CP021535.1	t_pro_shob_ohsc_sr	NaN - rows are merged	tblastn	NaN - rows are merged	1665367	1665444	78	1	26	26	5029162
10907bat	Escherichia_coli_strain_AR_0128_complete_genome	genome	-	NZ_CP021722.1	at_nt_shob_ohsc_sr	NaN - rows are merged	blastn	NaN - rows are merged	1459850	1459774	77	1	76	76	4967401
10426bt	Escherichia_coli_strain_AR_0128_complete_genome	genome	+	NZ_CP021722.1	t_nt_shob_ohsc_sr	NaN - rows are merged	blastn	NaN - rows are merged	1460173	1460253	81	1	81	81	4967401
1316bt	Escherichia_coli_strain_AR_0128_complete_genome	genome	+	NZ_CP021722.1	t_pro_shob_ohsc_sr	NaN - rows are merged	tblastn	NaN - rows are merged	1460173	1460250	78	1	26	26	4967401
11755bat	Escherichia_coli_strain_AR_0137_chromosome_complete_genome	genome	-	NZ_CP021879.1	at_nt_shob_ohsc_sr	NaN - rows are merged	blastn	NaN - rows are merged	2532553	2532477	77	1	77	77	4746578
1476bt	Escherichia_coli_strain_AR_0137_chromosome_complete_genome	genome	+	NZ_CP021879.1	t_pro_shob_ohsc_sr	NaN - rows are merged	tblastn	NaN - rows are merged	2532876	2532953	78	1	26	26	4746578
10494bt	Escherichia_coli_strain_AR_0137_chromosome_complete_genome	genome	+	NZ_CP021879.1	t_nt_shob_ohsc_sr	NaN - rows are merged	blastn	NaN - rows are merged	2532876	2532956	81	1	81	81	4746578
10424bt	Escherichia_coli_strain_AR_0150_complete_genome	genome	-	NZ_CP021736.1	t_nt_shob_ohsc_sr	NaN - rows are merged	blastn	NaN - rows are merged	562733	562653	81	1	81	81	4864149
1389bt	Escherichia_coli_strain_AR_0150_complete_genome	genome	-	NZ_CP021736.1	t_pro_shob_ohsc_sr	NaN - rows are merged	tblastn	NaN - rows are merged	562733	562656	78	1	26	26	4864149
10342bat	Escherichia_coli_strain_AR_0150_complete_genome	genome	+	NZ_CP021736.1	at_nt_shob_ohsc_sr	NaN - rows are merged	blastn	NaN - rows are merged	563056	563132	77	1	77	77	4864149
10904bat	Escherichia_coli_strain_AR_0151_complete_genome	genome	-	NZ_CP021691.1	at_nt_shob_ohsc_sr	NaN - rows are merged	blastn	NaN - rows are merged	1813357	1813281	77	1	76	76	4862952
10423bt	Escherichia_coli_strain_AR_0151_complete_genome	genome	+	NZ_CP021691.1	t_nt_shob_ohsc_sr	NaN - rows are merged	blastn	NaN - rows are merged	1813680	1813760	81	1	81	81	4862952
1392bt	Escherichia_coli_strain_AR_0151_complete_genome	genome	+	NZ_CP021691.1	t_pro_shob_ohsc_sr	NaN - rows are merged	tblastn	NaN - rows are merged	1813680	1813757	78	1	26	26	4862952
10903bat	Escherichia_coli_strain_AR_0162_complete_genome	genome	-	NZ_CP021683.1	at_nt_shob_ohsc_sr	NaN - rows are merged	blastn	NaN - rows are merged	936789	936713	77	1	76	76	4810234
1432bt	Escherichia_coli_strain_AR_0162_complete_genome	genome	+	NZ_CP021683.1	t_pro_shob_ohsc_sr	NaN - rows are merged	tblastn	NaN - rows are merged	937112	937189	78	1	26	26	4810234
10422bt	Escherichia_coli_strain_AR_0162_complete_genome	genome	+	NZ_CP021683.1	t_nt_shob_ohsc_sr	NaN - rows are merged	blastn	NaN - rows are merged	937112	937192	81	1	81	81	4810234
10902bat	Escherichia_coli_strain_AR_0369_chromosome_complete_genome	genome	-	NZ_CP027140.1	at_nt_shob_ohsc_sr	NaN - rows are merged	blastn	NaN - rows are merged	3287674	3287598	77	1	76	76	4625479
10421bt	Escherichia_coli_strain_AR_0369_chromosome_complete_genome	genome	+	NZ_CP027140.1	t_nt_shob_ohsc_sr	NaN - rows are merged	blastn	NaN - rows are merged	3287997	3288077	81	1	81	81	4625479
10493bt	Escherichia_coli_strain_AR_0372_chromosome_complete_genome	genome	-	NZ_CP027134.1	t_nt_shob_ohsc_sr	NaN - rows are merged	blastn	NaN - rows are merged	3824369	3824289	81	1	81	81	5211570
1211bt	Escherichia_coli_strain_AR_0372_chromosome_complete_genome	genome	-	NZ_CP027134.1	t_pro_shob_ohsc_sr	NaN - rows are merged	tblastn	NaN - rows are merged	3824369	3824292	78	1	26	26	5211570
10589bat	Escherichia_coli_strain_AR_0372_chromosome_complete_genome	genome	+	NZ_CP027134.1	at_nt_shob_ohsc_sr	NaN - rows are merged	blastn	NaN - rows are merged	3824692	3824768	77	1	76	76	5211570
10901bat	Escherichia_coli_strain_AR_0374_chromosome_complete_genome	genome	-	NZ_CP027126.1	at_nt_shob_ohsc_sr	NaN - rows are merged	blastn	NaN - rows are merged	4327857	4327781	77	1	76	76	4877957
1378bt	Escherichia_coli_strain_AR_0374_chromosome_complete_genome	genome	+	NZ_CP027126.1	t_pro_shob_ohsc_sr	NaN - rows are merged	tblastn	NaN - rows are merged	4328180	4328257	78	1	26	26	4877957
10420bt	Escherichia_coli_strain_AR_0374_chromosome_complete_genome	genome	+	NZ_CP027126.1	t_nt_shob_ohsc_sr	NaN - rows are merged	blastn	NaN - rows are merged	4328180	4328260	81	1	81	81	4877957
10043bt	Escherichia_coli_strain_AR_451_chromosome_complete_genome	genome	-	NZ_CP030337.1	t_nt_shob_ohsc_sr	NaN - rows are merged	blastn	NaN - rows are merged	2476166	2476086	81	1	81	81	4989783
11722bat	Escherichia_coli_strain_AR_451_chromosome_complete_genome	genome	+	NZ_CP030337.1	at_nt_shob_ohsc_sr	NaN - rows are merged	blastn	NaN - rows are merged	2476501	2476566	66	1	67	67	4989783
10896bat	Escherichia_coli_strain_AR_452_chromosome_complete_genome	genome	-	NZ_CP030331.1	at_nt_shob_ohsc_sr	NaN - rows are merged	blastn	NaN - rows are merged	1189083	1189007	77	1	76	76	4818472
10415bt	Escherichia_coli_strain_AR_452_chromosome_complete_genome	genome	+	NZ_CP030331.1	t_nt_shob_ohsc_sr	NaN - rows are merged	blastn	NaN - rows are merged	1189406	1189486	81	1	81	81	4818472
1425bt	Escherichia_coli_strain_AR_452_chromosome_complete_genome	genome	+	NZ_CP030331.1	t_pro_shob_ohsc_sr	NaN - rows are merged	tblastn	NaN - rows are merged	1189406	1189483	78	1	26	26	4818472
10895bat	Escherichia_coli_strain_AS19_RrmA_chromosome_complete_genome	genome	-	NZ_CP027430.1	at_nt_shob_ohsc_sr	NaN - rows are merged	blastn	NaN - rows are merged	3490414	3490338	77	1	76	76	4607960
10414bt	Escherichia_coli_strain_AS19_RrmA_chromosome_complete_genome	genome	+	NZ_CP027430.1	t_nt_shob_ohsc_sr	NaN - rows are merged	blastn	NaN - rows are merged	3490737	3490817	81	1	81	81	4607960
1126bt	Escherichia_coli_strain_AT01_genome	chromosome	-	NZ_CP022414.1	t_pro_shob_ohsc_sr	NaN - rows are merged	tblastn	NaN - rows are merged	2789982	2789905	78	1	26	26	4686244
10923bt	Escherichia_coli_strain_AT01_genome	chromosome	-	NZ_CP022414.1	t_nt_shob_ohsc_sr	NaN - rows are merged	blastn	NaN - rows are merged	2789982	2789902	81	1	81	81	4686244
10022bat	Escherichia_coli_strain_AT01_genome	chromosome	+	NZ_CP022414.1	at_nt_shob_ohsc_sr	NaN - rows are merged	blastn	NaN - rows are merged	2790305	2790381	77	1	76	76	4686244
10413bt	Escherichia_coli_strain_ATCC_43886_chromosome_complete_genome	genome	-	NZ_CP024256.1	t_nt_shob_ohsc_sr	NaN - rows are merged	blastn	NaN - rows are merged	4550758	4550678	81	1	81	81	4914654
1347bt	Escherichia_coli_strain_ATCC_43886_chromosome_complete_genome	genome	-	NZ_CP024256.1	t_pro_shob_ohsc_sr	NaN - rows are merged	tblastn	NaN - rows are merged	4550758	4550681	78	1	26	26	4914654
10331bat	Escherichia_coli_strain_ATCC_43886_chromosome_complete_genome	genome	+	NZ_CP024256.1	at_nt_shob_ohsc_sr	NaN - rows are merged	blastn	NaN - rows are merged	4551081	4551157	77	1	77	77	4914654
10893bat	Escherichia_coli_strain_ATCC_43896_chromosome_complete_genome	genome	-	NZ_CP024278.1	at_nt_shob_ohsc_sr	NaN - rows are merged	blastn	NaN - rows are merged	741658	741582	77	1	76	76	5088038
10412bt	Escherichia_coli_strain_ATCC_43896_chromosome_complete_genome	genome	+	NZ_CP024278.1	t_nt_shob_ohsc_sr	NaN - rows are merged	blastn	NaN - rows are merged	741981	742061	81	1	81	81	5088038
1263bt	Escherichia_coli_strain_ATCC_43896_chromosome_complete_genome	genome	+	NZ_CP024278.1	t_pro_shob_ohsc_sr	NaN - rows are merged	tblastn	NaN - rows are merged	741981	742058	78	1	26	26	5088038
13373bat	Escherichia_coli_strain_B36_genome_assembly_chromosome_1	genome	-	NZ_LR130545.1	at_nt_shob_ohsc_sr	NaN - rows are merged	blastn	NaN - rows are merged	1379765	1379700	66	1	66	66	5147585
10042bt	Escherichia_coli_strain_B36_genome_assembly_chromosome_1	genome	+	NZ_LR130545.1	t_nt_shob_ohsc_sr	NaN - rows are merged	blastn	NaN - rows are merged	1380100	1380180	81	1	81	81	5147585
10892bat	Escherichia_coli_strain_BE2_5_chromosome_complete_genome	genome	-	NZ_CP032986.1	at_nt_shob_ohsc_sr	NaN - rows are merged	blastn	NaN - rows are merged	1227069	1226993	77	1	76	76	4677021
10411bt	Escherichia_coli_strain_BE2_5_chromosome_complete_genome	genome	+	NZ_CP032986.1	t_nt_shob_ohsc_sr	NaN - rows are merged	blastn	NaN - rows are merged	1227392	1227472	81	1	81	81	4677021
1011bt	Escherichia_coli_strain_BE2_5_chromosome_complete_genome	genome	+	NZ_CP032986.1	t_pro_shob_ohsc_sr	NaN - rows are merged	tblastn	NaN - rows are merged	1227392	1227469	78	1	26	26	4677021
10038bt	Escherichia_coli_strain_BH100_chromosome_complete_genome	genome	-	NZ_CP025251.1	t_nt_shob_ohsc_sr	NaN - rows are merged	blastn	NaN - rows are merged	2817429	2817349	81	1	81	81	5131212
11717bat	Escherichia_coli_strain_BH100_chromosome_complete_genome	genome	+	NZ_CP025251.1	at_nt_shob_ohsc_sr	NaN - rows are merged	blastn	NaN - rows are merged	2817764	2817829	66	1	67	67	5131212
10039bt	Escherichia_coli_strain_BH100_substr_MG2014_chromosome_complete_genome	genome	-	NZ_CP024650.2	t_nt_shob_ohsc_sr	NaN - rows are merged	blastn	NaN - rows are merged	2774569	2774489	81	1	81	81	5072943
11718bat	Escherichia_coli_strain_BH100_substr_MG2014_chromosome_complete_genome	genome	+	NZ_CP024650.2	at_nt_shob_ohsc_sr	NaN - rows are merged	blastn	NaN - rows are merged	2774904	2774969	66	1	67	67	5072943
1029bt	Escherichia_coli_strain_BH212_chromosome_complete_genome	genome	-	NZ_CP029239.1	t_pro_shob_ohsc_sr	NaN - rows are merged	tblastn	NaN - rows are merged	2736200	2736123	78	1	26	26	4697181
10410bt	Escherichia_coli_strain_BH212_chromosome_complete_genome	genome	-	NZ_CP029239.1	t_nt_shob_ohsc_sr	NaN - rows are merged	blastn	NaN - rows are merged	2736200	2736120	81	1	81	81	4697181
10328bat	Escherichia_coli_strain_BH212_chromosome_complete_genome	genome	+	NZ_CP029239.1	at_nt_shob_ohsc_sr	NaN - rows are merged	blastn	NaN - rows are merged	2736523	2736599	77	1	77	77	4697181
10922bt	Escherichia_coli_strain_BH214_chromosome	chromosome	-	NZ_CP029240.1	t_nt_shob_ohsc_sr	NaN - rows are merged	blastn	NaN - rows are merged	2642554	2642474	81	1	81	81	4592928
1131bt	Escherichia_coli_strain_BH214_chromosome	chromosome	-	NZ_CP029240.1	t_pro_shob_ohsc_sr	NaN - rows are merged	tblastn	NaN - rows are merged	2642554	2642477	78	1	26	26	4592928
10021bat	Escherichia_coli_strain_BH214_chromosome	chromosome	+	NZ_CP029240.1	at_nt_shob_ohsc_sr	NaN - rows are merged	blastn	NaN - rows are merged	2642877	2642953	77	1	76	76	4592928
10409bt	Escherichia_coli_strain_BL21_(TaKaRa)_complete_genome	genome	-	NZ_CP010816.1	t_nt_shob_ohsc_sr	NaN - rows are merged	blastn	NaN - rows are merged	2535961	2535881	81	1	81	81	4528118
10327bat	Escherichia_coli_strain_BL21_(TaKaRa)_complete_genome	genome	+	NZ_CP010816.1	at_nt_shob_ohsc_sr	NaN - rows are merged	blastn	NaN - rows are merged	2536284	2536360	77	1	77	77	4528118
10408bt	Escherichia_coli_strain_BLK16_chromosome_complete_genome	genome	-	NZ_CP014642.1	t_nt_shob_ohsc_sr	NaN - rows are merged	blastn	NaN - rows are merged	2007704	2007624	81	1	81	81	4165783
10326bat	Escherichia_coli_strain_BLK16_chromosome_complete_genome	genome	+	NZ_CP014642.1	at_nt_shob_ohsc_sr	NaN - rows are merged	blastn	NaN - rows are merged	2008027	2008103	77	1	77	77	4165783
10407bt	Escherichia_coli_strain_BLK9_complete_genome	genome	-	NZ_CP014641.1	t_nt_shob_ohsc_sr	NaN - rows are merged	blastn	NaN - rows are merged	2007598	2007518	81	1	81	81	4165587
10325bat	Escherichia_coli_strain_BLK9_complete_genome	genome	+	NZ_CP014641.1	at_nt_shob_ohsc_sr	NaN - rows are merged	blastn	NaN - rows are merged	2007921	2007997	77	1	77	77	4165587
10406bt	Escherichia_coli_strain_BLR(DE3)_chromosome_complete_genome	genome	-	NZ_CP020368.1	t_nt_shob_ohsc_sr	NaN - rows are merged	blastn	NaN - rows are merged	2548979	2548899	81	1	81	81	4550811
10324bat	Escherichia_coli_strain_BLR(DE3)_chromosome_complete_genome	genome	+	NZ_CP020368.1	at_nt_shob_ohsc_sr	NaN - rows are merged	blastn	NaN - rows are merged	2549302	2549378	77	1	77	77	4550811
10921bt	Escherichia_coli_strain_BR02_DEC_chromosome	chromosome	-	NZ_CP035320.1	t_nt_shob_ohsc_sr	NaN - rows are merged	blastn	NaN - rows are merged	2981265	2981185	81	1	81	81	5025753
1104bt	Escherichia_coli_strain_BR02_DEC_chromosome	chromosome	-	NZ_CP035320.1	t_pro_shob_ohsc_sr	NaN - rows are merged	tblastn	NaN - rows are merged	2981265	2981188	78	1	26	26	5025753
10020bat	Escherichia_coli_strain_BR02_DEC_chromosome	chromosome	+	NZ_CP035320.1	at_nt_shob_ohsc_sr	NaN - rows are merged	blastn	NaN - rows are merged	2981588	2981664	77	1	76	76	5025753
10111bat	Escherichia_coli_strain_BR03_DEC_chromosome	chromosome	-	NZ_CP035321.1	at_nt_shob_ohsc_sr	NaN - rows are merged	blastn	NaN - rows are merged	2563654	2563578	77	2	66	66	5038603
10920bt	Escherichia_coli_strain_BR03_DEC_chromosome	chromosome	+	NZ_CP035321.1	t_nt_shob_ohsc_sr	NaN - rows are merged	blastn	NaN - rows are merged	2563977	2564057	81	1	81	81	5038603
1103bt	Escherichia_coli_strain_BR03_DEC_chromosome	chromosome	+	NZ_CP035321.1	t_pro_shob_ohsc_sr	NaN - rows are merged	tblastn	NaN - rows are merged	2563977	2564054	78	1	26	26	5038603
10110bat	Escherichia_coli_strain_BR07_DEC_chromosome	chromosome	-	NZ_CP035322.1	at_nt_shob_ohsc_sr	NaN - rows are merged	blastn	NaN - rows are merged	1961241	1961165	77	2	66	66	5052397
10919bt	Escherichia_coli_strain_BR07_DEC_chromosome	chromosome	+	NZ_CP035322.1	t_nt_shob_ohsc_sr	NaN - rows are merged	blastn	NaN - rows are merged	1961564	1961644	81	1	81	81	5052397
1102bt	Escherichia_coli_strain_BR07_DEC_chromosome	chromosome	+	NZ_CP035322.1	t_pro_shob_ohsc_sr	NaN - rows are merged	tblastn	NaN - rows are merged	1961564	1961641	78	1	26	26	5052397
10109bat	Escherichia_coli_strain_BR10_DEC_chromosome	chromosome	-	NZ_CP035360.1	at_nt_shob_ohsc_sr	NaN - rows are merged	blastn	NaN - rows are merged	2245947	2245871	77	2	66	66	5058724
10918bt	Escherichia_coli_strain_BR10_DEC_chromosome	chromosome	+	NZ_CP035360.1	t_nt_shob_ohsc_sr	NaN - rows are merged	blastn	NaN - rows are merged	2246270	2246350	81	1	81	81	5058724
1101bt	Escherichia_coli_strain_BR10_DEC_chromosome	chromosome	+	NZ_CP035360.1	t_pro_shob_ohsc_sr	NaN - rows are merged	tblastn	NaN - rows are merged	2246270	2246347	78	1	26	26	5058724
10917bt	Escherichia_coli_strain_BR12_DEC_chromosome	chromosome	-	NZ_CP035325.1	t_nt_shob_ohsc_sr	NaN - rows are merged	blastn	NaN - rows are merged	2842854	2842774	81	1	81	81	4824995
107bt	Escherichia_coli_strain_BR12_DEC_chromosome	chromosome	-	NZ_CP035325.1	t_pro_shob_ohsc_sr	NaN - rows are merged	tblastn	NaN - rows are merged	2842854	2842777	78	1	26	26	4824995
10016bat	Escherichia_coli_strain_BR12_DEC_chromosome	chromosome	+	NZ_CP035325.1	at_nt_shob_ohsc_sr	NaN - rows are merged	blastn	NaN - rows are merged	2843177	2843253	77	1	76	76	4824995
10046bat	Escherichia_coli_strain_BR14_DEC_chromosome	chromosome	-	NZ_CP035330.1	at_nt_shob_ohsc_sr	NaN - rows are merged	blastn	NaN - rows are merged	3521733	3521668	66	13	76	76	5110451
10916bt	Escherichia_coli_strain_BR14_DEC_chromosome	chromosome	+	NZ_CP035330.1	t_nt_shob_ohsc_sr	NaN - rows are merged	blastn	NaN - rows are merged	3522068	3522148	81	1	81	81	5110451
1098bt	Escherichia_coli_strain_BR14_DEC_chromosome	chromosome	+	NZ_CP035330.1	t_pro_shob_ohsc_sr	NaN - rows are merged	tblastn	NaN - rows are merged	3522068	3522145	78	1	26	26	5110451
10107bat	Escherichia_coli_strain_BR25_DEC_chromosome	chromosome	-	NZ_CP035331.1	at_nt_shob_ohsc_sr	NaN - rows are merged	blastn	NaN - rows are merged	1730890	1730814	77	2	66	66	4818513
108bt	Escherichia_coli_strain_BR25_DEC_chromosome	chromosome	+	NZ_CP035331.1	t_pro_shob_ohsc_sr	NaN - rows are merged	tblastn	NaN - rows are merged	1731213	1731290	78	1	26	26	4818513
10915bt	Escherichia_coli_strain_BR25_DEC_chromosome	chromosome	+	NZ_CP035331.1	t_nt_shob_ohsc_sr	NaN - rows are merged	blastn	NaN - rows are merged	1731213	1731293	81	1	81	81	4818513
10914bt	Escherichia_coli_strain_BR29_DEC_chromosome	chromosome	-	NZ_CP035339.1	t_nt_shob_ohsc_sr	NaN - rows are merged	blastn	NaN - rows are merged	2878471	2878391	81	1	81	81	4807613
109bt	Escherichia_coli_strain_BR29_DEC_chromosome	chromosome	-	NZ_CP035339.1	t_pro_shob_ohsc_sr	NaN - rows are merged	tblastn	NaN - rows are merged	2878471	2878394	78	1	26	26	4807613
10014bat	Escherichia_coli_strain_BR29_DEC_chromosome	chromosome	+	NZ_CP035339.1	at_nt_shob_ohsc_sr	NaN - rows are merged	blastn	NaN - rows are merged	2878794	2878870	77	1	76	76	4807613
10072bat	Escherichia_coli_strain_BR32_DEC_chromosome	chromosome	-	NZ_CP035350.1	at_nt_shob_ohsc_sr	NaN - rows are merged	blastn	NaN - rows are merged	1979220	1979144	77	1	66	66	4838618
10940bt	Escherichia_coli_strain_BR32_DEC_chromosome	chromosome	+	NZ_CP035350.1	t_nt_shob_ohsc_sr	NaN - rows are merged	blastn	NaN - rows are merged	1979543	1979623	81	1	81	81	4838618
105bt	Escherichia_coli_strain_BR32_DEC_chromosome	chromosome	+	NZ_CP035350.1	t_pro_shob_ohsc_sr	NaN - rows are merged	tblastn	NaN - rows are merged	1979543	1979620	78	1	26	26	4838618
10045bat	Escherichia_coli_strain_BR43_DEC_chromosome	chromosome	-	NZ_CP035377.1	at_nt_shob_ohsc_sr	NaN - rows are merged	blastn	NaN - rows are merged	1652528	1652463	66	13	76	76	5122458
10948bt	Escherichia_coli_strain_BR43_DEC_chromosome	chromosome	+	NZ_CP035377.1	t_nt_shob_ohsc_sr	NaN - rows are merged	blastn	NaN - rows are merged	1652863	1652943	81	1	81	81	5122458
1146bt	Escherichia_coli_strain_BR43_DEC_chromosome	chromosome	+	NZ_CP035377.1	t_pro_shob_ohsc_sr	NaN - rows are merged	tblastn	NaN - rows are merged	1652863	1652940	78	1	26	26	5122458
10105bat	Escherichia_coli_strain_BR64_DEC_chromosome	chromosome	-	NZ_CP035354.1	at_nt_shob_ohsc_sr	NaN - rows are merged	blastn	NaN - rows are merged	1937390	1937314	77	2	66	66	4845984
10913bt	Escherichia_coli_strain_BR64_DEC_chromosome	chromosome	+	NZ_CP035354.1	t_nt_shob_ohsc_sr	NaN - rows are merged	blastn	NaN - rows are merged	1937713	1937793	81	1	81	81	4845984
104bt	Escherichia_coli_strain_BR64_DEC_chromosome	chromosome	+	NZ_CP035354.1	t_pro_shob_ohsc_sr	NaN - rows are merged	tblastn	NaN - rows are merged	1937713	1937790	78	1	26	26	4845984
10404bt	Escherichia_coli_strain_C10_complete_genome	genome	-	NZ_CP010132.1	t_nt_shob_ohsc_sr	NaN - rows are merged	blastn	NaN - rows are merged	4530733	4530653	81	1	81	81	5021692
1293bt	Escherichia_coli_strain_C10_complete_genome	genome	-	NZ_CP010132.1	t_pro_shob_ohsc_sr	NaN - rows are merged	tblastn	NaN - rows are merged	4530733	4530656	78	1	26	26	5021692
10322bat	Escherichia_coli_strain_C10_complete_genome	genome	+	NZ_CP010132.1	at_nt_shob_ohsc_sr	NaN - rows are merged	blastn	NaN - rows are merged	4531056	4531132	77	1	77	77	5021692
10884bat	Escherichia_coli_strain_C11_complete_genome	genome	-	NZ_CP010133.1	at_nt_shob_ohsc_sr	NaN - rows are merged	blastn	NaN - rows are merged	3779036	3778960	77	1	76	76	5414571
10403bt	Escherichia_coli_strain_C11_complete_genome	genome	+	NZ_CP010133.1	t_nt_shob_ohsc_sr	NaN - rows are merged	blastn	NaN - rows are merged	3779359	3779439	81	1	81	81	5414571
1144bt	Escherichia_coli_strain_C11_complete_genome	genome	+	NZ_CP010133.1	t_pro_shob_ohsc_sr	NaN - rows are merged	tblastn	NaN - rows are merged	3779359	3779436	78	1	26	26	5414571
10492bt	Escherichia_coli_strain_C1_complete_genome	genome	-	NZ_CP010116.1	t_nt_shob_ohsc_sr	NaN - rows are merged	blastn	NaN - rows are merged	4034965	4034885	81	1	81	81	4843023
1403bt	Escherichia_coli_strain_C1_complete_genome	genome	-	NZ_CP010116.1	t_pro_shob_ohsc_sr	NaN - rows are merged	tblastn	NaN - rows are merged	4034965	4034888	78	1	26	26	4843023
11753bat	Escherichia_coli_strain_C1_complete_genome	genome	+	NZ_CP010116.1	at_nt_shob_ohsc_sr	NaN - rows are merged	blastn	NaN - rows are merged	4035288	4035364	77	1	77	77	4843023
10883bat	Escherichia_coli_strain_C2_complete_genome	genome	-	NZ_CP010117.1	at_nt_shob_ohsc_sr	NaN - rows are merged	blastn	NaN - rows are merged	25544	25468	77	1	76	76	4809836
1433bt	Escherichia_coli_strain_C2_complete_genome	genome	+	NZ_CP010117.1	t_pro_shob_ohsc_sr	NaN - rows are merged	tblastn	NaN - rows are merged	25867	25944	78	1	26	26	4809836
10882bat	Escherichia_coli_strain_C3_complete_genome	genome	-	NZ_CP010119.1	at_nt_shob_ohsc_sr	NaN - rows are merged	blastn	NaN - rows are merged	3559986	3559910	77	1	76	76	5349582
10402bt	Escherichia_coli_strain_C3_complete_genome	genome	+	NZ_CP010119.1	t_nt_shob_ohsc_sr	NaN - rows are merged	blastn	NaN - rows are merged	3560309	3560389	81	1	81	81	5349582
1169bt	Escherichia_coli_strain_C3_complete_genome	genome	+	NZ_CP010119.1	t_pro_shob_ohsc_sr	NaN - rows are merged	tblastn	NaN - rows are merged	3560309	3560386	78	1	26	26	5349582
10401bt	Escherichia_coli_strain_C41(DE3)_complete_genome	genome	-	NZ_CP010585.1	t_nt_shob_ohsc_sr	NaN - rows are merged	blastn	NaN - rows are merged	2566796	2566716	81	1	81	81	4557511
10318bat	Escherichia_coli_strain_C41(DE3)_complete_genome	genome	+	NZ_CP010585.1	at_nt_shob_ohsc_sr	NaN - rows are merged	blastn	NaN - rows are merged	2567119	2567195	77	1	77	77	4557511
10400bt	Escherichia_coli_strain_C43(DE3)_complete_genome	genome	-	NZ_CP011938.1	t_nt_shob_ohsc_sr	NaN - rows are merged	blastn	NaN - rows are merged	2545855	2545775	81	1	81	81	4501450
10317bat	Escherichia_coli_strain_C43(DE3)_complete_genome	genome	+	NZ_CP011938.1	at_nt_shob_ohsc_sr	NaN - rows are merged	blastn	NaN - rows are merged	2546178	2546254	77	1	77	77	4501450
10947bt	Escherichia_coli_strain_C4435_chromosome	chromosome	-	NZ_CP027851.1	t_nt_shob_ohsc_sr	NaN - rows are merged	blastn	NaN - rows are merged	2296620	2296540	81	1	81	81	5199428
1144bt	Escherichia_coli_strain_C4435_chromosome	chromosome	-	NZ_CP027851.1	t_pro_shob_ohsc_sr	NaN - rows are merged	tblastn	NaN - rows are merged	2296620	2296543	78	1	26	26	5199428
10070bat	Escherichia_coli_strain_C4435_chromosome	chromosome	+	NZ_CP027851.1	at_nt_shob_ohsc_sr	NaN - rows are merged	blastn	NaN - rows are merged	2296955	2297020	66	1	66	66	5199428
11752bat	Escherichia_coli_strain_C4_complete_genome	genome	-	NZ_CP010121.1	at_nt_shob_ohsc_sr	NaN - rows are merged	blastn	NaN - rows are merged	1528036	1527960	77	1	77	77	4990476
1303bt	Escherichia_coli_strain_C4_complete_genome	genome	+	NZ_CP010121.1	t_pro_shob_ohsc_sr	NaN - rows are merged	tblastn	NaN - rows are merged	1528359	1528436	78	1	26	26	4990476
10399bt	Escherichia_coli_strain_C4_complete_genome	genome	+	NZ_CP010121.1	t_nt_shob_ohsc_sr	NaN - rows are merged	blastn	NaN - rows are merged	1528359	1528439	81	1	81	81	4990476
10879bat	Escherichia_coli_strain_C5_complete_genome	genome	-	NZ_CP010122.1	at_nt_shob_ohsc_sr	NaN - rows are merged	blastn	NaN - rows are merged	1798209	1798133	77	1	76	76	5333488
1174bt	Escherichia_coli_strain_C5_complete_genome	genome	+	NZ_CP010122.1	t_pro_shob_ohsc_sr	NaN - rows are merged	tblastn	NaN - rows are merged	1798532	1798609	78	1	26	26	5333488
10398bt	Escherichia_coli_strain_C5_complete_genome	genome	+	NZ_CP010122.1	t_nt_shob_ohsc_sr	NaN - rows are merged	blastn	NaN - rows are merged	1798532	1798612	81	1	81	81	5333488
10878bat	Escherichia_coli_strain_C600_chromosome_complete_genome	genome	-	NZ_CP031214.1	at_nt_shob_ohsc_sr	NaN - rows are merged	blastn	NaN - rows are merged	1227530	1227454	77	1	76	76	4599824
10397bt	Escherichia_coli_strain_C600_chromosome_complete_genome	genome	+	NZ_CP031214.1	t_nt_shob_ohsc_sr	NaN - rows are merged	blastn	NaN - rows are merged	1227853	1227933	81	1	81	81	4599824
10396bt	Escherichia_coli_strain_C7_complete_genome	genome	-	NZ_CP010240.1	t_nt_shob_ohsc_sr	NaN - rows are merged	blastn	NaN - rows are merged	4877633	4877553	81	1	81	81	5310035
1182bt	Escherichia_coli_strain_C7_complete_genome	genome	-	NZ_CP010240.1	t_pro_shob_ohsc_sr	NaN - rows are merged	tblastn	NaN - rows are merged	4877633	4877556	78	1	26	26	5310035
10314bat	Escherichia_coli_strain_C7_complete_genome	genome	+	NZ_CP010240.1	at_nt_shob_ohsc_sr	NaN - rows are merged	blastn	NaN - rows are merged	4877956	4878032	77	1	77	77	5310035
10395bt	Escherichia_coli_strain_C8_complete_genome	genome	-	NZ_CP010125.1	t_nt_shob_ohsc_sr	NaN - rows are merged	blastn	NaN - rows are merged	3340374	3340294	81	1	81	81	4901865
1357bt	Escherichia_coli_strain_C8_complete_genome	genome	-	NZ_CP010125.1	t_pro_shob_ohsc_sr	NaN - rows are merged	tblastn	NaN - rows are merged	3340374	3340297	78	1	26	26	4901865
10313bat	Escherichia_coli_strain_C8_complete_genome	genome	+	NZ_CP010125.1	at_nt_shob_ohsc_sr	NaN - rows are merged	blastn	NaN - rows are merged	3340697	3340773	77	1	77	77	4901865
10875bat	Escherichia_coli_strain_C9_complete_genome	genome	-	NZ_CP010129.1	at_nt_shob_ohsc_sr	NaN - rows are merged	blastn	NaN - rows are merged	1294483	1294407	77	1	76	76	4527935
10394bt	Escherichia_coli_strain_C9_complete_genome	genome	+	NZ_CP010129.1	t_nt_shob_ohsc_sr	NaN - rows are merged	blastn	NaN - rows are merged	1294806	1294886	81	1	81	81	4527935
10393bt	Escherichia_coli_strain_CAR_chromosome_complete_genome	genome	-	NZ_CP026026.1	t_nt_shob_ohsc_sr	NaN - rows are merged	blastn	NaN - rows are merged	2698219	2698139	81	1	81	81	4544646
10311bat	Escherichia_coli_strain_CAR_chromosome_complete_genome	genome	+	NZ_CP026026.1	at_nt_shob_ohsc_sr	NaN - rows are merged	blastn	NaN - rows are merged	2698542	2698618	77	1	77	77	4544646
10964bt	Escherichia_coli_strain_CCUG_70745_chromosome	chromosome	-	NZ_CP023258.1	t_nt_shob_ohsc_sr	NaN - rows are merged	blastn	NaN - rows are merged	2956776	2956696	81	1	81	81	5074278
1149bt	Escherichia_coli_strain_CCUG_70745_chromosome	chromosome	-	NZ_CP023258.1	t_pro_shob_ohsc_sr	NaN - rows are merged	tblastn	NaN - rows are merged	2956776	2956699	78	1	26	26	5074278
10060bat	Escherichia_coli_strain_CCUG_70745_chromosome	chromosome	+	NZ_CP023258.1	at_nt_shob_ohsc_sr	NaN - rows are merged	blastn	NaN - rows are merged	2957111	2957177	67	1	66	66	5074278
10037bt	Escherichia_coli_strain_CD306_complete_genome	genome	-	NZ_CP013831.1	t_nt_shob_ohsc_sr	NaN - rows are merged	blastn	NaN - rows are merged	2905222	2905142	81	1	81	81	5073822
11714bat	Escherichia_coli_strain_CD306_complete_genome	genome	+	NZ_CP013831.1	at_nt_shob_ohsc_sr	NaN - rows are merged	blastn	NaN - rows are merged	2905557	2905622	66	1	67	67	5073822
13366bat	Escherichia_coli_strain_CDC_03_98_chromosome_complete_genome	genome	-	NZ_CP022689.1	at_nt_shob_ohsc_sr	NaN - rows are merged	blastn	NaN - rows are merged	3344031	3343966	66	1	66	66	5406069
1150bt	Escherichia_coli_strain_CDC_03_98_chromosome_complete_genome	genome	+	NZ_CP022689.1	t_pro_shob_ohsc_sr	NaN - rows are merged	tblastn	NaN - rows are merged	3344366	3344443	78	1	26	26	5406069
10392bt	Escherichia_coli_strain_CDC_03_98_chromosome_complete_genome	genome	+	NZ_CP022689.1	t_nt_shob_ohsc_sr	NaN - rows are merged	blastn	NaN - rows are merged	3344366	3344446	81	1	81	81	5406069
10045bat	Escherichia_coli_strain_CFSAN004176_complete_genome	genome	-	NZ_CP014583.1	at_nt_shob_ohsc_sr	NaN - rows are merged	blastn	NaN - rows are merged	4236943	4236867	77	1	77	77	5193734
10390bt	Escherichia_coli_strain_CFSAN004176_complete_genome	genome	+	NZ_CP014583.1	t_nt_shob_ohsc_sr	NaN - rows are merged	blastn	NaN - rows are merged	4237266	4237346	81	1	81	81	5193734
1219bt	Escherichia_coli_strain_CFSAN004176_complete_genome	genome	+	NZ_CP014583.1	t_pro_shob_ohsc_sr	NaN - rows are merged	tblastn	NaN - rows are merged	4237266	4237343	78	1	26	26	5193734
19844bat	Escherichia_coli_strain_CFSAN018748_chromosome_complete_genome	genome	-	NZ_CP028192.1	at_nt_shob_ohsc_sr	NaN - rows are merged	blastn	NaN - rows are merged	1775725	1775649	77	1	77	77	5071057
10491bt	Escherichia_coli_strain_CFSAN018748_chromosome_complete_genome	genome	+	NZ_CP028192.1	t_nt_shob_ohsc_sr	NaN - rows are merged	blastn	NaN - rows are merged	1776048	1776128	81	1	81	81	5071057
1269bt	Escherichia_coli_strain_CFSAN018748_chromosome_complete_genome	genome	+	NZ_CP028192.1	t_pro_shob_ohsc_sr	NaN - rows are merged	tblastn	NaN - rows are merged	1776048	1776125	78	1	26	26	5071057
1075bt	Escherichia_coli_strain_CFSAN027343_chromosome_complete_genome	genome	-	NZ_CP037943.1	t_pro_shob_ohsc_sr	NaN - rows are merged	tblastn	NaN - rows are merged	1949679	1949602	78	1	26	26	5689156
10389bt	Escherichia_coli_strain_CFSAN027343_chromosome_complete_genome	genome	-	NZ_CP037943.1	t_nt_shob_ohsc_sr	NaN - rows are merged	blastn	NaN - rows are merged	1949679	1949599	81	1	81	81	5689156
10309bat	Escherichia_coli_strain_CFSAN027343_chromosome_complete_genome	genome	+	NZ_CP037943.1	at_nt_shob_ohsc_sr	NaN - rows are merged	blastn	NaN - rows are merged	1950002	1950078	77	1	77	77	5689156
10871bat	Escherichia_coli_strain_CFSAN027346_chromosome_complete_genome	genome	-	NZ_CP037945.1	at_nt_shob_ohsc_sr	NaN - rows are merged	blastn	NaN - rows are merged	4253026	4252950	77	1	76	76	5592581
10388bt	Escherichia_coli_strain_CFSAN027346_chromosome_complete_genome	genome	+	NZ_CP037945.1	t_nt_shob_ohsc_sr	NaN - rows are merged	blastn	NaN - rows are merged	4253349	4253429	81	1	81	81	5592581
108bt	Escherichia_coli_strain_CFSAN027346_chromosome_complete_genome	genome	+	NZ_CP037945.1	t_pro_shob_ohsc_sr	NaN - rows are merged	tblastn	NaN - rows are merged	4253349	4253426	78	1	26	26	5592581
10387bt	Escherichia_coli_strain_CFSAN027350_chromosome_complete_genome	genome	-	NZ_CP037941.1	t_nt_shob_ohsc_sr	NaN - rows are merged	blastn	NaN - rows are merged	4651890	4651810	81	1	81	81	5436079
1134bt	Escherichia_coli_strain_CFSAN027350_chromosome_complete_genome	genome	-	NZ_CP037941.1	t_pro_shob_ohsc_sr	NaN - rows are merged	tblastn	NaN - rows are merged	4651890	4651813	78	1	26	26	5436079
10307bat	Escherichia_coli_strain_CFSAN027350_chromosome_complete_genome	genome	+	NZ_CP037941.1	at_nt_shob_ohsc_sr	NaN - rows are merged	blastn	NaN - rows are merged	4652213	4652289	77	1	77	77	5436079
1322bt	Escherichia_coli_strain_CFSAN029787_complete_genome	genome	-	NZ_CP011416.1	t_pro_shob_ohsc_sr	NaN - rows are merged	tblastn	NaN - rows are merged	910187	910110	78	1	26	26	4947515
10386bt	Escherichia_coli_strain_CFSAN029787_complete_genome	genome	-	NZ_CP011416.1	t_nt_shob_ohsc_sr	NaN - rows are merged	blastn	NaN - rows are merged	910187	910107	81	1	81	81	4947515
10306bat	Escherichia_coli_strain_CFSAN029787_complete_genome	genome	+	NZ_CP011416.1	at_nt_shob_ohsc_sr	NaN - rows are merged	blastn	NaN - rows are merged	910510	910586	77	1	77	77	4947515
10868bat	Escherichia_coli_strain_CFSAN051542_chromosome_complete_genome	genome	-	NZ_CP020835.1	at_nt_shob_ohsc_sr	NaN - rows are merged	blastn	NaN - rows are merged	1318401	1318325	77	1	76	76	4888773
10385bt	Escherichia_coli_strain_CFSAN051542_chromosome_complete_genome	genome	+	NZ_CP020835.1	t_nt_shob_ohsc_sr	NaN - rows are merged	blastn	NaN - rows are merged	1318724	1318804	81	1	81	81	4888773
1366bt	Escherichia_coli_strain_CFSAN051542_chromosome_complete_genome	genome	+	NZ_CP020835.1	t_pro_shob_ohsc_sr	NaN - rows are merged	tblastn	NaN - rows are merged	1318724	1318801	78	1	26	26	4888773
11751bat	Escherichia_coli_strain_CFSAN061770_chromosome_complete_genome	genome	-	NZ_CP023142.1	at_nt_shob_ohsc_sr	NaN - rows are merged	blastn	NaN - rows are merged	1379252	1379176	77	1	77	77	5292297
10490bt	Escherichia_coli_strain_CFSAN061770_chromosome_complete_genome	genome	+	NZ_CP023142.1	t_nt_shob_ohsc_sr	NaN - rows are merged	blastn	NaN - rows are merged	1379575	1379655	81	1	81	81	5292297
1187bt	Escherichia_coli_strain_CFSAN061770_chromosome_complete_genome	genome	+	NZ_CP023142.1	t_pro_shob_ohsc_sr	NaN - rows are merged	tblastn	NaN - rows are merged	1379575	1379652	78	1	26	26	5292297
10867bat	Escherichia_coli_strain_CFSAN064035_chromosome_complete_genome	genome	-	NZ_CP031134.1	at_nt_shob_ohsc_sr	NaN - rows are merged	blastn	NaN - rows are merged	3038819	3038743	77	1	76	76	4923235
1340bt	Escherichia_coli_strain_CFSAN064035_chromosome_complete_genome	genome	+	NZ_CP031134.1	t_pro_shob_ohsc_sr	NaN - rows are merged	tblastn	NaN - rows are merged	3039142	3039219	78	1	26	26	4923235
10384bt	Escherichia_coli_strain_CFSAN064035_chromosome_complete_genome	genome	+	NZ_CP031134.1	t_nt_shob_ohsc_sr	NaN - rows are merged	blastn	NaN - rows are merged	3039142	3039222	81	1	81	81	4923235
10383bt	Escherichia_coli_strain_CFSAN064036_chromosome_complete_genome	genome	-	NZ_CP028166.1	t_nt_shob_ohsc_sr	NaN - rows are merged	blastn	NaN - rows are merged	1869800	1869720	81	1	81	81	4815114
1429bt	Escherichia_coli_strain_CFSAN064036_chromosome_complete_genome	genome	-	NZ_CP028166.1	t_pro_shob_ohsc_sr	NaN - rows are merged	tblastn	NaN - rows are merged	1869800	1869723	78	1	26	26	4815114
10303bat	Escherichia_coli_strain_CFSAN064036_chromosome_complete_genome	genome	+	NZ_CP028166.1	at_nt_shob_ohsc_sr	NaN - rows are merged	blastn	NaN - rows are merged	1870123	1870199	77	1	77	77	4815114
10912bt	Escherichia_coli_strain_CFT073_chromosome	chromosome	-	NZ_CP028309.1	t_nt_shob_ohsc_sr	NaN - rows are merged	blastn	NaN - rows are merged	2666446	2666366	81	1	81	81	4721099
1122bt	Escherichia_coli_strain_CFT073_chromosome	chromosome	-	NZ_CP028309.1	t_pro_shob_ohsc_sr	NaN - rows are merged	tblastn	NaN - rows are merged	2666446	2666369	78	1	26	26	4721099
10012bat	Escherichia_coli_strain_CFT073_chromosome	chromosome	+	NZ_CP028309.1	at_nt_shob_ohsc_sr	NaN - rows are merged	blastn	NaN - rows are merged	2666769	2666845	77	1	76	76	4721099
10069bat	Escherichia_coli_strain_CH611_eco_genome	chromosome	-	NZ_CP017980.1	at_nt_shob_ohsc_sr	NaN - rows are merged	blastn	NaN - rows are merged	3260142	3260066	77	1	66	66	4771582
10939bt	Escherichia_coli_strain_CH611_eco_genome	chromosome	+	NZ_CP017980.1	t_nt_shob_ohsc_sr	NaN - rows are merged	blastn	NaN - rows are merged	3260465	3260545	81	1	81	81	4771582
111bt	Escherichia_coli_strain_CH611_eco_genome	chromosome	+	NZ_CP017980.1	t_pro_shob_ohsc_sr	NaN - rows are merged	tblastn	NaN - rows are merged	3260465	3260542	78	1	26	26	4771582
10103bat	Escherichia_coli_strain_CHL5009T_chromosome	chromosome	-	NZ_CP032936.1	at_nt_shob_ohsc_sr	NaN - rows are merged	blastn	NaN - rows are merged	2799080	2799004	77	2	66	66	4864948
10911bt	Escherichia_coli_strain_CHL5009T_chromosome	chromosome	+	NZ_CP032936.1	t_nt_shob_ohsc_sr	NaN - rows are merged	blastn	NaN - rows are merged	2799403	2799483	81	1	81	81	4864948
102bt	Escherichia_coli_strain_CHL5009T_chromosome	chromosome	+	NZ_CP032936.1	t_pro_shob_ohsc_sr	NaN - rows are merged	tblastn	NaN - rows are merged	2799403	2799480	78	1	26	26	4864948
10865bat	Escherichia_coli_strain_CI5_complete_genome	genome	-	NZ_CP011018.1	at_nt_shob_ohsc_sr	NaN - rows are merged	blastn	NaN - rows are merged	4607631	4607555	77	1	76	76	4885378
10382bt	Escherichia_coli_strain_CI5_complete_genome	genome	+	NZ_CP011018.1	t_nt_shob_ohsc_sr	NaN - rows are merged	blastn	NaN - rows are merged	4607954	4608034	81	1	81	81	4885378
1370bt	Escherichia_coli_strain_CI5_complete_genome	genome	+	NZ_CP011018.1	t_pro_shob_ohsc_sr	NaN - rows are merged	tblastn	NaN - rows are merged	4607954	4608031	78	1	26	26	4885378
10381bt	Escherichia_coli_strain_CIT_chromosome_complete_genome	genome	-	NZ_CP026028.1	t_nt_shob_ohsc_sr	NaN - rows are merged	blastn	NaN - rows are merged	2698220	2698140	81	1	81	81	4639673
10301bat	Escherichia_coli_strain_CIT_chromosome_complete_genome	genome	+	NZ_CP026028.1	at_nt_shob_ohsc_sr	NaN - rows are merged	blastn	NaN - rows are merged	2698543	2698619	77	1	77	77	4639673
10380bt	Escherichia_coli_strain_CJ236_chromosome_complete_genome	genome	-	NZ_CP029238.1	t_nt_shob_ohsc_sr	NaN - rows are merged	blastn	NaN - rows are merged	2700197	2700117	81	1	81	81	4641652
10300bat	Escherichia_coli_strain_CJ236_chromosome_complete_genome	genome	+	NZ_CP029238.1	at_nt_shob_ohsc_sr	NaN - rows are merged	blastn	NaN - rows are merged	2700520	2700596	77	1	77	77	4641652
10862bat	Escherichia_coli_strain_CP53_chromosome_complete_genome	genome	-	NZ_CP033096.1	at_nt_shob_ohsc_sr	NaN - rows are merged	blastn	NaN - rows are merged	1182971	1182895	77	1	76	76	4623817
10379bt	Escherichia_coli_strain_CP53_chromosome_complete_genome	genome	+	NZ_CP033096.1	t_nt_shob_ohsc_sr	NaN - rows are merged	blastn	NaN - rows are merged	1183294	1183374	81	1	81	81	4623817
10860bat	Escherichia_coli_strain_CQSW20_complete_genome	genome	-	NZ_CP013253.1	at_nt_shob_ohsc_sr	NaN - rows are merged	blastn	NaN - rows are merged	722037	721961	77	1	76	76	4579074
10377bt	Escherichia_coli_strain_CQSW20_complete_genome	genome	+	NZ_CP013253.1	t_nt_shob_ohsc_sr	NaN - rows are merged	blastn	NaN - rows are merged	722360	722440	81	1	81	81	4579074
1337bt	Escherichia_coli_strain_CRE10_chromosome_complete_genome	genome	-	NZ_CP034404.1	t_pro_shob_ohsc_sr	NaN - rows are merged	tblastn	NaN - rows are merged	2055891	2055814	78	1	26	26	4931251
10376bt	Escherichia_coli_strain_CRE10_chromosome_complete_genome	genome	-	NZ_CP034404.1	t_nt_shob_ohsc_sr	NaN - rows are merged	blastn	NaN - rows are merged	2055891	2055811	81	1	81	81	4931251
10296bat	Escherichia_coli_strain_CRE10_chromosome_complete_genome	genome	+	NZ_CP034404.1	at_nt_shob_ohsc_sr	NaN - rows are merged	blastn	NaN - rows are merged	2056214	2056290	77	1	77	77	4931251
10858bat	Escherichia_coli_strain_CRE1493_chromosome_complete_genome	genome	-	NZ_CP019071.1	at_nt_shob_ohsc_sr	NaN - rows are merged	blastn	NaN - rows are merged	1264957	1264881	77	1	76	76	4877335
10375bt	Escherichia_coli_strain_CRE1493_chromosome_complete_genome	genome	+	NZ_CP019071.1	t_nt_shob_ohsc_sr	NaN - rows are merged	blastn	NaN - rows are merged	1265280	1265360	81	1	81	81	4877335
1379bt	Escherichia_coli_strain_CRE1493_chromosome_complete_genome	genome	+	NZ_CP019071.1	t_pro_shob_ohsc_sr	NaN - rows are merged	tblastn	NaN - rows are merged	1265280	1265357	78	1	26	26	4877335
10857bat	Escherichia_coli_strain_CRE1540_chromosome_complete_genome	genome	-	NZ_CP019051.1	at_nt_shob_ohsc_sr	NaN - rows are merged	blastn	NaN - rows are merged	2687959	2687883	77	1	76	76	4942719
10374bt	Escherichia_coli_strain_CRE1540_chromosome_complete_genome	genome	+	NZ_CP019051.1	t_nt_shob_ohsc_sr	NaN - rows are merged	blastn	NaN - rows are merged	2688282	2688362	81	1	81	81	4942719
1326bt	Escherichia_coli_strain_CRE1540_chromosome_complete_genome	genome	+	NZ_CP019051.1	t_pro_shob_ohsc_sr	NaN - rows are merged	tblastn	NaN - rows are merged	2688282	2688359	78	1	26	26	4942719
1331bt	Escherichia_coli_strain_CRE1_chromosome_complete_genome	genome	-	NZ_CP034399.1	t_pro_shob_ohsc_sr	NaN - rows are merged	tblastn	NaN - rows are merged	934352	934275	78	1	26	26	4938997
10373bt	Escherichia_coli_strain_CRE1_chromosome_complete_genome	genome	-	NZ_CP034399.1	t_nt_shob_ohsc_sr	NaN - rows are merged	blastn	NaN - rows are merged	934352	934272	81	1	81	81	4938997
10293bat	Escherichia_coli_strain_CRE1_chromosome_complete_genome	genome	+	NZ_CP034399.1	at_nt_shob_ohsc_sr	NaN - rows are merged	blastn	NaN - rows are merged	934675	934751	77	1	77	77	4938997
10372bt	Escherichia_coli_strain_CREC_532_chromosome_complete_genome	genome	-	NZ_CP024830.1	t_nt_shob_ohsc_sr	NaN - rows are merged	blastn	NaN - rows are merged	4472782	4472702	81	1	81	81	4837992
1409bt	Escherichia_coli_strain_CREC_532_chromosome_complete_genome	genome	-	NZ_CP024830.1	t_pro_shob_ohsc_sr	NaN - rows are merged	tblastn	NaN - rows are merged	4472782	4472705	78	1	26	26	4837992
10292bat	Escherichia_coli_strain_CREC_532_chromosome_complete_genome	genome	+	NZ_CP024830.1	at_nt_shob_ohsc_sr	NaN - rows are merged	blastn	NaN - rows are merged	4473105	4473181	77	1	77	77	4837992
10371bt	Escherichia_coli_strain_CREC_544_chromosome_complete_genome	genome	-	NZ_CP024826.1	t_nt_shob_ohsc_sr	NaN - rows are merged	blastn	NaN - rows are merged	3648963	3648883	81	1	81	81	4903571
1355bt	Escherichia_coli_strain_CREC_544_chromosome_complete_genome	genome	-	NZ_CP024826.1	t_pro_shob_ohsc_sr	NaN - rows are merged	tblastn	NaN - rows are merged	3648963	3648886	78	1	26	26	4903571
11711bat	Escherichia_coli_strain_CREC_544_chromosome_complete_genome	genome	+	NZ_CP024826.1	at_nt_shob_ohsc_sr	NaN - rows are merged	blastn	NaN - rows are merged	3649298	3649363	66	1	67	67	4903571
10854bat	Escherichia_coli_strain_CREC_591_chromosome_complete_genome	genome	-	NZ_CP024821.1	at_nt_shob_ohsc_sr	NaN - rows are merged	blastn	NaN - rows are merged	4338608	4338532	77	1	76	76	5125266
1241bt	Escherichia_coli_strain_CREC_591_chromosome_complete_genome	genome	+	NZ_CP024821.1	t_pro_shob_ohsc_sr	NaN - rows are merged	tblastn	NaN - rows are merged	4338931	4339008	78	1	26	26	5125266
10370bt	Escherichia_coli_strain_CREC_591_chromosome_complete_genome	genome	+	NZ_CP024821.1	t_nt_shob_ohsc_sr	NaN - rows are merged	blastn	NaN - rows are merged	4338931	4339011	81	1	81	81	5125266
10853bat	Escherichia_coli_strain_CREC_629_chromosome_complete_genome	genome	-	NZ_CP024815.1	at_nt_shob_ohsc_sr	NaN - rows are merged	blastn	NaN - rows are merged	1951932	1951856	77	1	76	76	4938993
10369bt	Escherichia_coli_strain_CREC_629_chromosome_complete_genome	genome	+	NZ_CP024815.1	t_nt_shob_ohsc_sr	NaN - rows are merged	blastn	NaN - rows are merged	1952255	1952335	81	1	81	81	4938993
1332bt	Escherichia_coli_strain_CREC_629_chromosome_complete_genome	genome	+	NZ_CP024815.1	t_pro_shob_ohsc_sr	NaN - rows are merged	tblastn	NaN - rows are merged	1952255	1952332	78	1	26	26	4938993
10852bat	Escherichia_coli_strain_CV839_06_chromosome_complete_genome	genome	-	NZ_CP025753.1	at_nt_shob_ohsc_sr	NaN - rows are merged	blastn	NaN - rows are merged	3273794	3273718	77	1	76	76	4931011
10368bt	Escherichia_coli_strain_CV839_06_chromosome_complete_genome	genome	+	NZ_CP025753.1	t_nt_shob_ohsc_sr	NaN - rows are merged	blastn	NaN - rows are merged	3274117	3274197	81	1	81	81	4931011
1338bt	Escherichia_coli_strain_CV839_06_chromosome_complete_genome	genome	+	NZ_CP025753.1	t_pro_shob_ohsc_sr	NaN - rows are merged	tblastn	NaN - rows are merged	3274117	3274194	78	1	26	26	4931011
10851bat	Escherichia_coli_strain_CV839_15_chromosome_complete_genome	genome	-	NZ_CP024978.1	at_nt_shob_ohsc_sr	NaN - rows are merged	blastn	NaN - rows are merged	3468217	3468141	77	1	76	76	4917635
1345bt	Escherichia_coli_strain_CV839_15_chromosome_complete_genome	genome	+	NZ_CP024978.1	t_pro_shob_ohsc_sr	NaN - rows are merged	tblastn	NaN - rows are merged	3468540	3468617	78	1	26	26	4917635
10367bt	Escherichia_coli_strain_CV839_15_chromosome_complete_genome	genome	+	NZ_CP024978.1	t_nt_shob_ohsc_sr	NaN - rows are merged	blastn	NaN - rows are merged	3468540	3468620	81	1	81	81	4917635
10873bat	Escherichia_coli_strain_C_chromosome_complete_genome	genome	-	NZ_CP029371.1	at_nt_shob_ohsc_sr	NaN - rows are merged	blastn	NaN - rows are merged	4084780	4084704	77	1	76	76	4614212
10391bt	Escherichia_coli_strain_C_chromosome_complete_genome	genome	+	NZ_CP029371.1	t_nt_shob_ohsc_sr	NaN - rows are merged	blastn	NaN - rows are merged	4085103	4085183	81	1	81	81	4614212
13079bat	Escherichia_coli_strain_D10_complete_genome	genome	-	NZ_CP010157.1	at_nt_shob_ohsc_sr	NaN - rows are merged	blastn	NaN - rows are merged	1324037	1323971	67	1	66	66	5112249
12875bt	Escherichia_coli_strain_D10_complete_genome	genome	+	NZ_CP010157.1	t_nt_shob_ohsc_sr	NaN - rows are merged	blastn	NaN - rows are merged	1324372	1324452	81	1	81	81	5112249
10366bt	Escherichia_coli_strain_D1_complete_genome	genome	-	NZ_CP010134.1	t_nt_shob_ohsc_sr	NaN - rows are merged	blastn	NaN - rows are merged	3954264	3954184	81	1	81	81	5060525
1271bt	Escherichia_coli_strain_D1_complete_genome	genome	-	NZ_CP010134.1	t_pro_shob_ohsc_sr	NaN - rows are merged	tblastn	NaN - rows are merged	3954264	3954187	78	1	26	26	5060525
10287bat	Escherichia_coli_strain_D1_complete_genome	genome	+	NZ_CP010134.1	at_nt_shob_ohsc_sr	NaN - rows are merged	blastn	NaN - rows are merged	3954587	3954663	77	1	77	77	5060525
10849bat	Escherichia_coli_strain_D2_complete_genome	genome	-	NZ_CP010137.1	at_nt_shob_ohsc_sr	NaN - rows are merged	blastn	NaN - rows are merged	1467331	1467255	77	1	76	76	4765647
1467bt	Escherichia_coli_strain_D2_complete_genome	genome	+	NZ_CP010137.1	t_pro_shob_ohsc_sr	NaN - rows are merged	tblastn	NaN - rows are merged	1467654	1467731	78	1	26	26	4765647
10365bt	Escherichia_coli_strain_D3_complete_genome	genome	-	NZ_CP010140.1	t_nt_shob_ohsc_sr	NaN - rows are merged	blastn	NaN - rows are merged	3346687	3346607	81	1	81	81	4971154
1314bt	Escherichia_coli_strain_D3_complete_genome	genome	-	NZ_CP010140.1	t_pro_shob_ohsc_sr	NaN - rows are merged	tblastn	NaN - rows are merged	3346687	3346610	78	1	26	26	4971154
10285bat	Escherichia_coli_strain_D3_complete_genome	genome	+	NZ_CP010140.1	at_nt_shob_ohsc_sr	NaN - rows are merged	blastn	NaN - rows are merged	3347010	3347086	77	1	77	77	4971154
10364bt	Escherichia_coli_strain_D4_complete_genome	genome	-	NZ_CP010143.1	t_nt_shob_ohsc_sr	NaN - rows are merged	blastn	NaN - rows are merged	3131112	3131032	81	1	81	81	4821305
1422bt	Escherichia_coli_strain_D4_complete_genome	genome	-	NZ_CP010143.1	t_pro_shob_ohsc_sr	NaN - rows are merged	tblastn	NaN - rows are merged	3131112	3131035	78	1	26	26	4821305
10284bat	Escherichia_coli_strain_D4_complete_genome	genome	+	NZ_CP010143.1	at_nt_shob_ohsc_sr	NaN - rows are merged	blastn	NaN - rows are merged	3131435	3131511	77	1	77	77	4821305
10363bt	Escherichia_coli_strain_D5_complete_genome	genome	-	NZ_CP010145.1	t_nt_shob_ohsc_sr	NaN - rows are merged	blastn	NaN - rows are merged	2023039	2022959	81	1	81	81	4817460
1426bt	Escherichia_coli_strain_D5_complete_genome	genome	-	NZ_CP010145.1	t_pro_shob_ohsc_sr	NaN - rows are merged	tblastn	NaN - rows are merged	2023039	2022962	78	1	26	26	4817460
10283bat	Escherichia_coli_strain_D5_complete_genome	genome	+	NZ_CP010145.1	at_nt_shob_ohsc_sr	NaN - rows are merged	blastn	NaN - rows are merged	2023362	2023438	77	1	77	77	4817460
10845bat	Escherichia_coli_strain_D6_complete_genome	genome	-	NZ_CP010148.1	at_nt_shob_ohsc_sr	NaN - rows are merged	blastn	NaN - rows are merged	3362581	3362505	77	1	76	76	4711358
10362bt	Escherichia_coli_strain_D6_complete_genome	genome	+	NZ_CP010148.1	t_nt_shob_ohsc_sr	NaN - rows are merged	blastn	NaN - rows are merged	3362904	3362984	81	1	81	81	4711358
1013bt	Escherichia_coli_strain_D6_complete_genome	genome	+	NZ_CP010148.1	t_pro_shob_ohsc_sr	NaN - rows are merged	tblastn	NaN - rows are merged	3362904	3362981	78	1	26	26	4711358
12017bat	Escherichia_coli_strain_D72_chromosome_complete_genome	genome	-	NZ_CP035312.1	at_nt_shob_ohsc_sr	NaN - rows are merged	blastn	NaN - rows are merged	1157303	1157227	77	1	77	77	4593539
10361bt	Escherichia_coli_strain_D72_chromosome_complete_genome	genome	+	NZ_CP035312.1	t_nt_shob_ohsc_sr	NaN - rows are merged	blastn	NaN - rows are merged	1157626	1157706	81	1	81	81	4593539
12016bat	Escherichia_coli_strain_D7_complete_genome	genome	-	NZ_CP010150.1	at_nt_shob_ohsc_sr	NaN - rows are merged	blastn	NaN - rows are merged	3611579	3611503	77	1	77	77	4827779
1418bt	Escherichia_coli_strain_D7_complete_genome	genome	+	NZ_CP010150.1	t_pro_shob_ohsc_sr	NaN - rows are merged	tblastn	NaN - rows are merged	3611902	3611979	78	1	26	26	4827779
10360bt	Escherichia_coli_strain_D7_complete_genome	genome	+	NZ_CP010150.1	t_nt_shob_ohsc_sr	NaN - rows are merged	blastn	NaN - rows are merged	3611902	3611982	81	1	81	81	4827779
13362bat	Escherichia_coli_strain_D8_complete_genome	genome	-	NZ_CP010151.1	at_nt_shob_ohsc_sr	NaN - rows are merged	blastn	NaN - rows are merged	415941	415876	66	1	66	66	5130646
10036bt	Escherichia_coli_strain_D8_complete_genome	genome	+	NZ_CP010151.1	t_nt_shob_ohsc_sr	NaN - rows are merged	blastn	NaN - rows are merged	416276	416356	81	1	81	81	5130646
10359bt	Escherichia_coli_strain_D9_complete_genome	genome	-	NZ_CP010152.1	t_nt_shob_ohsc_sr	NaN - rows are merged	blastn	NaN - rows are merged	3298499	3298419	81	1	81	81	4637555
10279bat	Escherichia_coli_strain_D9_complete_genome	genome	+	NZ_CP010152.1	at_nt_shob_ohsc_sr	NaN - rows are merged	blastn	NaN - rows are merged	3298822	3298898	77	1	77	77	4637555
10358bt	Escherichia_coli_strain_DA33133_chromosome_complete_genome	genome	-	NZ_CP029574.1	t_nt_shob_ohsc_sr	NaN - rows are merged	blastn	NaN - rows are merged	4466303	4466223	81	1	81	81	4771844
1465bt	Escherichia_coli_strain_DA33133_chromosome_complete_genome	genome	-	NZ_CP029574.1	t_pro_shob_ohsc_sr	NaN - rows are merged	tblastn	NaN - rows are merged	4466303	4466226	78	1	26	26	4771844
10586bat	Escherichia_coli_strain_DA33133_chromosome_complete_genome	genome	+	NZ_CP029574.1	at_nt_shob_ohsc_sr	NaN - rows are merged	blastn	NaN - rows are merged	4466626	4466701	76	1	76	76	4771844
13361bat	Escherichia_coli_strain_DA33135_chromosome_complete_genome	genome	-	NZ_CP029576.1	at_nt_shob_ohsc_sr	NaN - rows are merged	blastn	NaN - rows are merged	910777	910712	66	1	66	66	5043703
10035bt	Escherichia_coli_strain_DA33135_chromosome_complete_genome	genome	+	NZ_CP029576.1	t_nt_shob_ohsc_sr	NaN - rows are merged	blastn	NaN - rows are merged	911112	911192	81	1	81	81	5043703
11750bat	Escherichia_coli_strain_DA33137_chromosome_complete_genome	genome	-	NZ_CP029579.1	at_nt_shob_ohsc_sr	NaN - rows are merged	blastn	NaN - rows are merged	3963149	3963073	77	1	77	77	5261695
10489bt	Escherichia_coli_strain_DA33137_chromosome_complete_genome	genome	+	NZ_CP029579.1	t_nt_shob_ohsc_sr	NaN - rows are merged	blastn	NaN - rows are merged	3963472	3963552	81	1	81	81	5261695
1199bt	Escherichia_coli_strain_DA33137_chromosome_complete_genome	genome	+	NZ_CP029579.1	t_pro_shob_ohsc_sr	NaN - rows are merged	tblastn	NaN - rows are merged	3963472	3963549	78	1	26	26	5261695
10357bt	Escherichia_coli_strain_DH1Ec095_complete_genome	genome	-	NZ_CP012125.1	t_nt_shob_ohsc_sr	NaN - rows are merged	blastn	NaN - rows are merged	2678108	2678028	81	1	81	81	4614223
10278bat	Escherichia_coli_strain_DH1Ec095_complete_genome	genome	+	NZ_CP012125.1	at_nt_shob_ohsc_sr	NaN - rows are merged	blastn	NaN - rows are merged	2678431	2678507	77	1	77	77	4614223
10356bt	Escherichia_coli_strain_DH1Ec104_complete_genome	genome	-	NZ_CP012126.1	t_nt_shob_ohsc_sr	NaN - rows are merged	blastn	NaN - rows are merged	2678109	2678029	81	1	81	81	4612363
10277bat	Escherichia_coli_strain_DH1Ec104_complete_genome	genome	+	NZ_CP012126.1	at_nt_shob_ohsc_sr	NaN - rows are merged	blastn	NaN - rows are merged	2678432	2678508	77	1	77	77	4612363
10355bt	Escherichia_coli_strain_DH1Ec169_complete_genome	genome	-	NZ_CP012127.1	t_nt_shob_ohsc_sr	NaN - rows are merged	blastn	NaN - rows are merged	2674644	2674564	81	1	81	81	4609522
10276bat	Escherichia_coli_strain_DH1Ec169_complete_genome	genome	+	NZ_CP012127.1	at_nt_shob_ohsc_sr	NaN - rows are merged	blastn	NaN - rows are merged	2674967	2675043	77	1	77	77	4609522
10354bt	Escherichia_coli_strain_DH5alpha_chromosome_complete_genome	genome	-	NZ_CP025520.1	t_nt_shob_ohsc_sr	NaN - rows are merged	blastn	NaN - rows are merged	1552351	1552271	81	1	81	81	4605446
10275bat	Escherichia_coli_strain_DH5alpha_chromosome_complete_genome	genome	+	NZ_CP025520.1	at_nt_shob_ohsc_sr	NaN - rows are merged	blastn	NaN - rows are merged	1552674	1552750	77	1	77	77	4605446
10554bat	Escherichia_coli_strain_DSM_103246_chromosome_complete_genome	genome	-	NZ_CP019944.1	at_nt_shob_ohsc_sr	NaN - rows are merged	blastn	NaN - rows are merged	1344469	1344393	77	1	76	76	5445834
10779bt	Escherichia_coli_strain_DSM_103246_chromosome_complete_genome	genome	+	NZ_CP019944.1	t_nt_shob_ohsc_sr	NaN - rows are merged	blastn	NaN - rows are merged	1344792	1344872	81	1	81	81	5445834
1042bt	Escherichia_coli_strain_DSM_103246_chromosome_complete_genome	genome	+	NZ_CP019944.1	t_pro_shob_ohsc_sr	NaN - rows are merged	tblastn	NaN - rows are merged	1344792	1344869	78	1	26	26	5445834
10353bt	Escherichia_coli_strain_DTU_1_chromosome_complete_genome	genome	-	NZ_CP026612.1	t_nt_shob_ohsc_sr	NaN - rows are merged	blastn	NaN - rows are merged	4222696	4222616	81	1	81	81	4456672
10274bat	Escherichia_coli_strain_DTU_1_chromosome_complete_genome	genome	+	NZ_CP026612.1	at_nt_shob_ohsc_sr	NaN - rows are merged	blastn	NaN - rows are merged	4223019	4223095	77	1	77	77	4456672
12005bat	Escherichia_coli_strain_E308_chromosome_complete_genome	genome	-	NZ_CP030281.1	at_nt_shob_ohsc_sr	NaN - rows are merged	blastn	NaN - rows are merged	1205291	1205215	77	1	77	77	4786360
10349bt	Escherichia_coli_strain_E308_chromosome_complete_genome	genome	+	NZ_CP030281.1	t_nt_shob_ohsc_sr	NaN - rows are merged	blastn	NaN - rows are merged	1205614	1205694	81	1	81	81	4786360
1455bt	Escherichia_coli_strain_E308_chromosome_complete_genome	genome	+	NZ_CP030281.1	t_pro_shob_ohsc_sr	NaN - rows are merged	tblastn	NaN - rows are merged	1205614	1205691	78	1	26	26	4786360
13359bat	Escherichia_coli_strain_E41_1_chromosome_complete_genome	genome	-	NZ_CP028483.1	at_nt_shob_ohsc_sr	NaN - rows are merged	blastn	NaN - rows are merged	1321608	1321543	66	1	66	66	5022609
10034bt	Escherichia_coli_strain_E41_1_chromosome_complete_genome	genome	+	NZ_CP028483.1	t_nt_shob_ohsc_sr	NaN - rows are merged	blastn	NaN - rows are merged	1321943	1322023	81	1	81	81	5022609
10348bt	Escherichia_coli_strain_E62_chromosome_complete_genome	genome	-	NZ_CP022393.1	t_nt_shob_ohsc_sr	NaN - rows are merged	blastn	NaN - rows are merged	4473154	4473074	81	1	81	81	4914770
1346bt	Escherichia_coli_strain_E62_chromosome_complete_genome	genome	-	NZ_CP022393.1	t_pro_shob_ohsc_sr	NaN - rows are merged	tblastn	NaN - rows are merged	4473154	4473077	78	1	26	26	4914770
10269bat	Escherichia_coli_strain_E62_chromosome_complete_genome	genome	+	NZ_CP022393.1	at_nt_shob_ohsc_sr	NaN - rows are merged	blastn	NaN - rows are merged	4473477	4473553	77	1	77	77	4914770
12003bat	Escherichia_coli_strain_E706_chromosome_complete_genome	genome	-	NZ_CP029687.1	at_nt_shob_ohsc_sr	NaN - rows are merged	blastn	NaN - rows are merged	1167466	1167390	77	1	77	77	4696142
1030bt	Escherichia_coli_strain_E706_chromosome_complete_genome	genome	+	NZ_CP029687.1	t_pro_shob_ohsc_sr	NaN - rows are merged	tblastn	NaN - rows are merged	1167789	1167866	78	1	26	26	4696142
10347bt	Escherichia_coli_strain_E706_chromosome_complete_genome	genome	+	NZ_CP029687.1	t_nt_shob_ohsc_sr	NaN - rows are merged	blastn	NaN - rows are merged	1167789	1167869	81	1	81	81	4696142
10346bt	Escherichia_coli_strain_EC11_chromosome_complete_genome	genome	-	NZ_CP027255.1	t_nt_shob_ohsc_sr	NaN - rows are merged	blastn	NaN - rows are merged	443981	443901	81	1	81	81	4933784
1336bt	Escherichia_coli_strain_EC11_chromosome_complete_genome	genome	-	NZ_CP027255.1	t_pro_shob_ohsc_sr	NaN - rows are merged	tblastn	NaN - rows are merged	443981	443904	78	1	26	26	4933784
10267bat	Escherichia_coli_strain_EC11_chromosome_complete_genome	genome	+	NZ_CP027255.1	at_nt_shob_ohsc_sr	NaN - rows are merged	blastn	NaN - rows are merged	444304	444380	77	1	77	77	4933784
10553bat	Escherichia_coli_strain_EC1515_chromosome_complete_genome	genome	-	NZ_CP021844.1	at_nt_shob_ohsc_sr	NaN - rows are merged	blastn	NaN - rows are merged	1353525	1353449	77	1	76	76	5167363
10770bt	Escherichia_coli_strain_EC1515_chromosome_complete_genome	genome	+	NZ_CP021844.1	t_nt_shob_ohsc_sr	NaN - rows are merged	blastn	NaN - rows are merged	1353848	1353928	81	1	81	81	5167363
1049bt	Escherichia_coli_strain_EC1515_chromosome_complete_genome	genome	+	NZ_CP021844.1	t_pro_shob_ohsc_sr	NaN - rows are merged	tblastn	NaN - rows are merged	1353848	1353925	78	1	26	26	5167363
13358bat	Escherichia_coli_strain_EC17GD31_chromosome_complete_genome	genome	-	NZ_CP031293.1	at_nt_shob_ohsc_sr	NaN - rows are merged	blastn	NaN - rows are merged	1343404	1343339	66	1	66	66	4975832
10345bt	Escherichia_coli_strain_EC17GD31_chromosome_complete_genome	genome	+	NZ_CP031293.1	t_nt_shob_ohsc_sr	NaN - rows are merged	blastn	NaN - rows are merged	1343739	1343819	81	1	81	81	4975832
1311bt	Escherichia_coli_strain_EC17GD31_chromosome_complete_genome	genome	+	NZ_CP031293.1	t_pro_shob_ohsc_sr	NaN - rows are merged	tblastn	NaN - rows are merged	1343739	1343816	78	1	26	26	4975832
12000bat	Escherichia_coli_strain_EC25_chromosome_complete_genome	genome	-	NZ_CP035123.1	at_nt_shob_ohsc_sr	NaN - rows are merged	blastn	NaN - rows are merged	1231197	1231121	77	1	77	77	4782653
10344bt	Escherichia_coli_strain_EC25_chromosome_complete_genome	genome	+	NZ_CP035123.1	t_nt_shob_ohsc_sr	NaN - rows are merged	blastn	NaN - rows are merged	1231520	1231600	81	1	81	81	4782653
1460bt	Escherichia_coli_strain_EC25_chromosome_complete_genome	genome	+	NZ_CP035123.1	t_pro_shob_ohsc_sr	NaN - rows are merged	tblastn	NaN - rows are merged	1231520	1231597	78	1	26	26	4782653
11999bat	Escherichia_coli_strain_EC590_chromosome_complete_genome	genome	-	NZ_CP016182.2	at_nt_shob_ohsc_sr	NaN - rows are merged	blastn	NaN - rows are merged	1552236	1552160	77	1	77	77	4617703
10343bt	Escherichia_coli_strain_EC590_chromosome_complete_genome	genome	+	NZ_CP016182.2	t_nt_shob_ohsc_sr	NaN - rows are merged	blastn	NaN - rows are merged	1552559	1552639	81	1	81	81	4617703
10766bt	Escherichia_coli_strain_EC974_chromosome_complete_genome	genome	-	NZ_CP021840.1	t_nt_shob_ohsc_sr	NaN - rows are merged	blastn	NaN - rows are merged	83843	83763	81	1	81	81	5167701
1048bt	Escherichia_coli_strain_EC974_chromosome_complete_genome	genome	-	NZ_CP021840.1	t_pro_shob_ohsc_sr	NaN - rows are merged	tblastn	NaN - rows are merged	83843	83766	78	1	26	26	5167701
10552bat	Escherichia_coli_strain_EC974_chromosome_complete_genome	genome	+	NZ_CP021840.1	at_nt_shob_ohsc_sr	NaN - rows are merged	blastn	NaN - rows are merged	84166	84242	77	1	76	76	5167701
11997bat	Escherichia_coli_strain_ECCHD184_chromosome_complete_genome	genome	-	NZ_CP033250.1	at_nt_shob_ohsc_sr	NaN - rows are merged	blastn	NaN - rows are merged	1184885	1184809	77	1	77	77	4783813
10342bt	Escherichia_coli_strain_ECCHD184_chromosome_complete_genome	genome	+	NZ_CP033250.1	t_nt_shob_ohsc_sr	NaN - rows are merged	blastn	NaN - rows are merged	1185208	1185288	81	1	81	81	4783813
1459bt	Escherichia_coli_strain_ECCHD184_chromosome_complete_genome	genome	+	NZ_CP033250.1	t_pro_shob_ohsc_sr	NaN - rows are merged	tblastn	NaN - rows are merged	1185208	1185285	78	1	26	26	4783813
11996bat	Escherichia_coli_strain_ECCNB20_2_chromosome_complete_genome	genome	-	NZ_CP034787.1	at_nt_shob_ohsc_sr	NaN - rows are merged	blastn	NaN - rows are merged	1217118	1217042	77	1	77	77	4795280
10341bt	Escherichia_coli_strain_ECCNB20_2_chromosome_complete_genome	genome	+	NZ_CP034787.1	t_nt_shob_ohsc_sr	NaN - rows are merged	blastn	NaN - rows are merged	1217441	1217521	81	1	81	81	4795280
1449bt	Escherichia_coli_strain_ECCNB20_2_chromosome_complete_genome	genome	+	NZ_CP034787.1	t_pro_shob_ohsc_sr	NaN - rows are merged	tblastn	NaN - rows are merged	1217441	1217518	78	1	26	26	4795280
11995bat	Escherichia_coli_strain_ECCRA_119_chromosome_complete_genome	genome	-	NZ_CP029242.1	at_nt_shob_ohsc_sr	NaN - rows are merged	blastn	NaN - rows are merged	1275112	1275036	77	1	77	77	4893130
1361bt	Escherichia_coli_strain_ECCRA_119_chromosome_complete_genome	genome	+	NZ_CP029242.1	t_pro_shob_ohsc_sr	NaN - rows are merged	tblastn	NaN - rows are merged	1275435	1275512	78	1	26	26	4893130
10340bt	Escherichia_coli_strain_ECCRA_119_chromosome_complete_genome	genome	+	NZ_CP029242.1	t_nt_shob_ohsc_sr	NaN - rows are merged	blastn	NaN - rows are merged	1275435	1275515	81	1	81	81	4893130
11994bat	Escherichia_coli_strain_ECCWS199_chromosome_complete_genome	genome	-	NZ_CP032237.1	at_nt_shob_ohsc_sr	NaN - rows are merged	blastn	NaN - rows are merged	1175838	1175762	77	1	77	77	4737445
10339bt	Escherichia_coli_strain_ECCWS199_chromosome_complete_genome	genome	+	NZ_CP032237.1	t_nt_shob_ohsc_sr	NaN - rows are merged	blastn	NaN - rows are merged	1176161	1176241	81	1	81	81	4737445
1483bt	Escherichia_coli_strain_ECCWS199_chromosome_complete_genome	genome	+	NZ_CP032237.1	t_pro_shob_ohsc_sr	NaN - rows are merged	tblastn	NaN - rows are merged	1176161	1176238	78	1	26	26	4737445
10091bt	Escherichia_coli_strain_ECONIH1_complete_genome	genome	-	NZ_CP009859.1	t_nt_shob_ohsc_sr	NaN - rows are merged	blastn	NaN - rows are merged	3024215	3024135	81	1	81	81	5310511
11575bat	Escherichia_coli_strain_ECONIH1_complete_genome	genome	+	NZ_CP009859.1	at_nt_shob_ohsc_sr	NaN - rows are merged	blastn	NaN - rows are merged	3024550	3024616	67	1	67	67	5310511
10018bt	Escherichia_coli_strain_ECONIH2_complete_genome	genome	-	NZ_CP014667.1	t_nt_shob_ohsc_sr	NaN - rows are merged	blastn	NaN - rows are merged	2855145	2855065	81	1	81	81	5116831
11687bat	Escherichia_coli_strain_ECONIH2_complete_genome	genome	+	NZ_CP014667.1	at_nt_shob_ohsc_sr	NaN - rows are merged	blastn	NaN - rows are merged	2855480	2855545	66	1	67	67	5116831
11989bat	Escherichia_coli_strain_ECONIH4_chromosome_complete_genome	genome	-	NZ_CP026399.1	at_nt_shob_ohsc_sr	NaN - rows are merged	blastn	NaN - rows are merged	4536189	4536113	77	1	77	77	5277702
10332bt	Escherichia_coli_strain_ECONIH4_chromosome_complete_genome	genome	+	NZ_CP026399.1	t_nt_shob_ohsc_sr	NaN - rows are merged	blastn	NaN - rows are merged	4536512	4536592	81	1	81	81	5277702
1190bt	Escherichia_coli_strain_ECONIH4_chromosome_complete_genome	genome	+	NZ_CP026399.1	t_pro_shob_ohsc_sr	NaN - rows are merged	tblastn	NaN - rows are merged	4536512	4536589	78	1	26	26	5277702
11988bat	Escherichia_coli_strain_ECONIH5_chromosome_complete_genome	genome	-	NZ_CP026202.1	at_nt_shob_ohsc_sr	NaN - rows are merged	blastn	NaN - rows are merged	3972685	3972609	77	1	77	77	5103533
10331bt	Escherichia_coli_strain_ECONIH5_chromosome_complete_genome	genome	+	NZ_CP026202.1	t_nt_shob_ohsc_sr	NaN - rows are merged	blastn	NaN - rows are merged	3973008	3973088	81	1	81	81	5103533
1252bt	Escherichia_coli_strain_ECONIH5_chromosome_complete_genome	genome	+	NZ_CP026202.1	t_pro_shob_ohsc_sr	NaN - rows are merged	tblastn	NaN - rows are merged	3973008	3973085	78	1	26	26	5103533
11987bat	Escherichia_coli_strain_ECONIH6_chromosome_complete_genome	genome	-	NZ_CP026199.1	at_nt_shob_ohsc_sr	NaN - rows are merged	blastn	NaN - rows are merged	4072508	4072432	77	1	77	77	4869246
10330bt	Escherichia_coli_strain_ECONIH6_chromosome_complete_genome	genome	+	NZ_CP026199.1	t_nt_shob_ohsc_sr	NaN - rows are merged	blastn	NaN - rows are merged	4072831	4072911	81	1	81	81	4869246
1387bt	Escherichia_coli_strain_ECONIH6_chromosome_complete_genome	genome	+	NZ_CP026199.1	t_pro_shob_ohsc_sr	NaN - rows are merged	tblastn	NaN - rows are merged	4072831	4072908	78	1	26	26	4869246
11986bat	Escherichia_coli_strain_ECZP248_chromosome_complete_genome	genome	-	NZ_CP034784.1	at_nt_shob_ohsc_sr	NaN - rows are merged	blastn	NaN - rows are merged	1135044	1134968	77	1	77	77	4481825
10329bt	Escherichia_coli_strain_ECZP248_chromosome_complete_genome	genome	+	NZ_CP034784.1	t_nt_shob_ohsc_sr	NaN - rows are merged	blastn	NaN - rows are merged	1135367	1135447	81	1	81	81	4481825
10043bat	Escherichia_coli_strain_EDL933_1_genome	chromosome	-	NZ_CP015855.1	at_nt_shob_ohsc_sr	NaN - rows are merged	blastn	NaN - rows are merged	2361050	2360985	66	13	76	76	5351654
10909bt	Escherichia_coli_strain_EDL933_1_genome	chromosome	+	NZ_CP015855.1	t_nt_shob_ohsc_sr	NaN - rows are merged	blastn	NaN - rows are merged	2361385	2361465	81	1	81	81	5351654
1089bt	Escherichia_coli_strain_EDL933_1_genome	chromosome	+	NZ_CP015855.1	t_pro_shob_ohsc_sr	NaN - rows are merged	tblastn	NaN - rows are merged	2361385	2361462	78	1	26	26	5351654
10328bt	Escherichia_coli_strain_ER1709_chromosome_complete_genome	genome	-	NZ_CP030240.1	t_nt_shob_ohsc_sr	NaN - rows are merged	blastn	NaN - rows are merged	260111	260031	81	1	81	81	4582842
10252bat	Escherichia_coli_strain_ER1709_chromosome_complete_genome	genome	+	NZ_CP030240.1	at_nt_shob_ohsc_sr	NaN - rows are merged	blastn	NaN - rows are merged	260434	260510	77	1	77	77	4582842
11984bat	Escherichia_coli_strain_ER1821R_complete_genome	genome	-	NZ_CP016018.1	at_nt_shob_ohsc_sr	NaN - rows are merged	blastn	NaN - rows are merged	1183243	1183167	77	1	77	77	4595577
10327bt	Escherichia_coli_strain_ER1821R_complete_genome	genome	+	NZ_CP016018.1	t_nt_shob_ohsc_sr	NaN - rows are merged	blastn	NaN - rows are merged	1183566	1183646	81	1	81	81	4595577
1312bt	Escherichia_coli_strain_ETEC_2264_chromosome_complete_genome	genome	-	NZ_CP023349.1	t_pro_shob_ohsc_sr	NaN - rows are merged	tblastn	NaN - rows are merged	2914978	2914901	78	1	26	26	4972828
10324bt	Escherichia_coli_strain_ETEC_2264_chromosome_complete_genome	genome	-	NZ_CP023349.1	t_nt_shob_ohsc_sr	NaN - rows are merged	blastn	NaN - rows are merged	2914978	2914898	81	1	81	81	4972828
10249bat	Escherichia_coli_strain_ETEC_2264_chromosome_complete_genome	genome	+	NZ_CP023349.1	at_nt_shob_ohsc_sr	NaN - rows are merged	blastn	NaN - rows are merged	2915301	2915377	77	1	77	77	4972828
10323bt	Escherichia_coli_strain_ETEC_2265_chromosome_complete_genome	genome	-	NZ_CP023346.1	t_nt_shob_ohsc_sr	NaN - rows are merged	blastn	NaN - rows are merged	2909310	2909230	81	1	81	81	5088339
1262bt	Escherichia_coli_strain_ETEC_2265_chromosome_complete_genome	genome	-	NZ_CP023346.1	t_pro_shob_ohsc_sr	NaN - rows are merged	tblastn	NaN - rows are merged	2909310	2909233	78	1	26	26	5088339
10248bat	Escherichia_coli_strain_ETEC_2265_chromosome_complete_genome	genome	+	NZ_CP023346.1	at_nt_shob_ohsc_sr	NaN - rows are merged	blastn	NaN - rows are merged	2909633	2909709	77	1	77	77	5088339
10488bt	Escherichia_coli_strain_E_1246_chromosome_complete_genome	genome	-	NZ_CP025573.1	t_nt_shob_ohsc_sr	NaN - rows are merged	blastn	NaN - rows are merged	3210931	3210851	81	1	81	81	5425761
1140bt	Escherichia_coli_strain_E_1246_chromosome_complete_genome	genome	-	NZ_CP025573.1	t_pro_shob_ohsc_sr	NaN - rows are merged	tblastn	NaN - rows are merged	3210931	3210854	78	1	26	26	5425761
11749bat	Escherichia_coli_strain_E_1246_chromosome_complete_genome	genome	+	NZ_CP025573.1	at_nt_shob_ohsc_sr	NaN - rows are merged	blastn	NaN - rows are merged	3211254	3211330	77	1	77	77	5425761
106bt	Escherichia_coli_strain_Ec40_chromosome	chromosome	-	NZ_CP025739.1	t_pro_shob_ohsc_sr	NaN - rows are merged	tblastn	NaN - rows are merged	201064	200987	78	1	26	26	4825022
10910bt	Escherichia_coli_strain_Ec40_chromosome	chromosome	-	NZ_CP025739.1	t_nt_shob_ohsc_sr	NaN - rows are merged	blastn	NaN - rows are merged	201064	200984	81	1	81	81	4825022
10010bat	Escherichia_coli_strain_Ec40_chromosome	chromosome	+	NZ_CP025739.1	at_nt_shob_ohsc_sr	NaN - rows are merged	blastn	NaN - rows are merged	201387	201463	77	1	76	76	4825022
10055bat	Escherichia_coli_strain_Ec_20Lar_chromosome	chromosome	-	NZ_CP035317.1	at_nt_shob_ohsc_sr	NaN - rows are merged	blastn	NaN - rows are merged	3581224	3581158	67	13	76	76	5083560
10963bt	Escherichia_coli_strain_Ec_20Lar_chromosome	chromosome	+	NZ_CP035317.1	t_nt_shob_ohsc_sr	NaN - rows are merged	blastn	NaN - rows are merged	3581559	3581639	81	1	81	81	5083560
1148bt	Escherichia_coli_strain_Ec_20Lar_chromosome	chromosome	+	NZ_CP035317.1	t_pro_shob_ohsc_sr	NaN - rows are merged	tblastn	NaN - rows are merged	3581559	3581636	78	1	26	26	5083560
10962bt	Escherichia_coli_strain_Ec_2Lar_chromosome	chromosome	-	NZ_CP035318.1	t_nt_shob_ohsc_sr	NaN - rows are merged	blastn	NaN - rows are merged	1867402	1867322	81	1	81	81	5027515
1150bt	Escherichia_coli_strain_Ec_2Lar_chromosome	chromosome	-	NZ_CP035318.1	t_pro_shob_ohsc_sr	NaN - rows are merged	tblastn	NaN - rows are merged	1867402	1867325	78	1	26	26	5027515
10058bat	Escherichia_coli_strain_Ec_2Lar_chromosome	chromosome	+	NZ_CP035318.1	at_nt_shob_ohsc_sr	NaN - rows are merged	blastn	NaN - rows are merged	1867737	1867803	67	1	66	66	5027515
10033bt	Escherichia_coli_strain_Eco889_chromosome_complete_genome	genome	-	NZ_CP015159.1	t_nt_shob_ohsc_sr	NaN - rows are merged	blastn	NaN - rows are merged	4294079	4293999	81	1	81	81	5012253
11704bat	Escherichia_coli_strain_Eco889_chromosome_complete_genome	genome	+	NZ_CP015159.1	at_nt_shob_ohsc_sr	NaN - rows are merged	blastn	NaN - rows are merged	4294414	4294479	66	1	67	67	5012253
11993bat	Escherichia_coli_strain_Ecol_224_chromosome_complete_genome	genome	-	NZ_CP018948.1	at_nt_shob_ohsc_sr	NaN - rows are merged	blastn	NaN - rows are merged	1431599	1431523	77	1	77	77	4891786
10338bt	Escherichia_coli_strain_Ecol_224_chromosome_complete_genome	genome	+	NZ_CP018948.1	t_nt_shob_ohsc_sr	NaN - rows are merged	blastn	NaN - rows are merged	1431922	1432002	81	1	81	81	4891786
1362bt	Escherichia_coli_strain_Ecol_224_chromosome_complete_genome	genome	+	NZ_CP018948.1	t_pro_shob_ohsc_sr	NaN - rows are merged	tblastn	NaN - rows are merged	1431922	1431999	78	1	26	26	4891786
13356bat	Escherichia_coli_strain_Ecol_244_chromosome_complete_genome	genome	-	NZ_CP019020.1	at_nt_shob_ohsc_sr	NaN - rows are merged	blastn	NaN - rows are merged	747447	747382	66	1	66	66	4913259
10032bt	Escherichia_coli_strain_Ecol_244_chromosome_complete_genome	genome	+	NZ_CP019020.1	t_nt_shob_ohsc_sr	NaN - rows are merged	blastn	NaN - rows are merged	747782	747862	81	1	81	81	4913259
10031bt	Escherichia_coli_strain_Ecol_276_chromosome_complete_genome	genome	-	NZ_CP018953.1	t_nt_shob_ohsc_sr	NaN - rows are merged	blastn	NaN - rows are merged	1388402	1388322	81	1	81	81	4898796
11702bat	Escherichia_coli_strain_Ecol_276_chromosome_complete_genome	genome	+	NZ_CP018953.1	at_nt_shob_ohsc_sr	NaN - rows are merged	blastn	NaN - rows are merged	1388737	1388802	66	1	67	67	4898796
10337bt	Escherichia_coli_strain_Ecol_316_chromosome_complete_genome	genome	-	NZ_CP018957.1	t_nt_shob_ohsc_sr	NaN - rows are merged	blastn	NaN - rows are merged	5000402	5000322	81	1	81	81	5056072
1275bt	Escherichia_coli_strain_Ecol_316_chromosome_complete_genome	genome	-	NZ_CP018957.1	t_pro_shob_ohsc_sr	NaN - rows are merged	tblastn	NaN - rows are merged	5000402	5000325	78	1	26	26	5056072
10584bat	Escherichia_coli_strain_Ecol_316_chromosome_complete_genome	genome	+	NZ_CP018957.1	at_nt_shob_ohsc_sr	NaN - rows are merged	blastn	NaN - rows are merged	5000725	5000801	77	1	76	76	5056072
10336bt	Escherichia_coli_strain_Ecol_422_chromosome_complete_genome	genome	-	NZ_CP018962.1	t_nt_shob_ohsc_sr	NaN - rows are merged	blastn	NaN - rows are merged	4681735	4681655	81	1	81	81	4747607
1475bt	Escherichia_coli_strain_Ecol_422_chromosome_complete_genome	genome	-	NZ_CP018962.1	t_pro_shob_ohsc_sr	NaN - rows are merged	tblastn	NaN - rows are merged	4681735	4681658	78	1	26	26	4747607
10583bat	Escherichia_coli_strain_Ecol_422_chromosome_complete_genome	genome	+	NZ_CP018962.1	at_nt_shob_ohsc_sr	NaN - rows are merged	blastn	NaN - rows are merged	4682058	4682133	76	1	76	76	4747607
10030bt	Escherichia_coli_strain_Ecol_448_complete_genome	genome	-	NZ_CP015076.1	t_nt_shob_ohsc_sr	NaN - rows are merged	blastn	NaN - rows are merged	2274510	2274430	81	1	81	81	5007393
11700bat	Escherichia_coli_strain_Ecol_448_complete_genome	genome	+	NZ_CP015076.1	at_nt_shob_ohsc_sr	NaN - rows are merged	blastn	NaN - rows are merged	2274845	2274910	66	1	67	67	5007393
11992bat	Escherichia_coli_strain_Ecol_517_chromosome_complete_genome	genome	-	NZ_CP018965.1	at_nt_shob_ohsc_sr	NaN - rows are merged	blastn	NaN - rows are merged	2676215	2676139	77	1	77	77	4794957
1451bt	Escherichia_coli_strain_Ecol_517_chromosome_complete_genome	genome	+	NZ_CP018965.1	t_pro_shob_ohsc_sr	NaN - rows are merged	tblastn	NaN - rows are merged	2676538	2676615	78	1	26	26	4794957
10335bt	Escherichia_coli_strain_Ecol_517_chromosome_complete_genome	genome	+	NZ_CP018965.1	t_nt_shob_ohsc_sr	NaN - rows are merged	blastn	NaN - rows are merged	2676538	2676618	81	1	81	81	4794957
13352bat	Escherichia_coli_strain_Ecol_542_chromosome_complete_genome	genome	-	NZ_CP018970.1	at_nt_shob_ohsc_sr	NaN - rows are merged	blastn	NaN - rows are merged	3486353	3486288	66	1	66	66	5259387
10029bt	Escherichia_coli_strain_Ecol_542_chromosome_complete_genome	genome	+	NZ_CP018970.1	t_nt_shob_ohsc_sr	NaN - rows are merged	blastn	NaN - rows are merged	3486688	3486768	81	1	81	81	5259387
10487bt	Escherichia_coli_strain_Ecol_545_chromosome_complete_genome	genome	-	NZ_CP018976.1	t_nt_shob_ohsc_sr	NaN - rows are merged	blastn	NaN - rows are merged	1636565	1636485	81	1	81	81	5031843
1287bt	Escherichia_coli_strain_Ecol_545_chromosome_complete_genome	genome	-	NZ_CP018976.1	t_pro_shob_ohsc_sr	NaN - rows are merged	tblastn	NaN - rows are merged	1636565	1636488	78	1	26	26	5031843
11747bat	Escherichia_coli_strain_Ecol_545_chromosome_complete_genome	genome	+	NZ_CP018976.1	at_nt_shob_ohsc_sr	NaN - rows are merged	blastn	NaN - rows are merged	1636888	1636964	77	1	77	77	5031843
10028bt	Escherichia_coli_strain_Ecol_656_chromosome_complete_genome	genome	-	NZ_CP018979.1	t_nt_shob_ohsc_sr	NaN - rows are merged	blastn	NaN - rows are merged	668158	668078	81	1	81	81	5228864
11697bat	Escherichia_coli_strain_Ecol_656_chromosome_complete_genome	genome	+	NZ_CP018979.1	at_nt_shob_ohsc_sr	NaN - rows are merged	blastn	NaN - rows are merged	668493	668558	66	1	67	67	5228864
13350bat	Escherichia_coli_strain_Ecol_732_complete_genome	genome	-	NZ_CP015138.1	at_nt_shob_ohsc_sr	NaN - rows are merged	blastn	NaN - rows are merged	3219672	3219607	66	1	66	66	5009900
10027bt	Escherichia_coli_strain_Ecol_732_complete_genome	genome	+	NZ_CP015138.1	t_nt_shob_ohsc_sr	NaN - rows are merged	blastn	NaN - rows are merged	3220007	3220087	81	1	81	81	5009900
10026bt	Escherichia_coli_strain_Ecol_743_complete_genome	genome	-	NZ_CP015069.1	t_nt_shob_ohsc_sr	NaN - rows are merged	blastn	NaN - rows are merged	1488083	1488003	81	1	81	81	4856574
11695bat	Escherichia_coli_strain_Ecol_743_complete_genome	genome	+	NZ_CP015069.1	at_nt_shob_ohsc_sr	NaN - rows are merged	blastn	NaN - rows are merged	1488418	1488483	66	1	67	67	4856574
13348bat	Escherichia_coli_strain_Ecol_745_complete_genome	genome	-	NZ_CP015074.2	at_nt_shob_ohsc_sr	NaN - rows are merged	blastn	NaN - rows are merged	1970367	1970302	66	1	66	66	4977366
10025bt	Escherichia_coli_strain_Ecol_745_complete_genome	genome	+	NZ_CP015074.2	t_nt_shob_ohsc_sr	NaN - rows are merged	blastn	NaN - rows are merged	1970702	1970782	81	1	81	81	4977366
10024bt	Escherichia_coli_strain_Ecol_867_chromosome_complete_genome	genome	-	NZ_CP018983.1	t_nt_shob_ohsc_sr	NaN - rows are merged	blastn	NaN - rows are merged	2309574	2309494	81	1	81	81	4947532
11693bat	Escherichia_coli_strain_Ecol_867_chromosome_complete_genome	genome	+	NZ_CP018983.1	at_nt_shob_ohsc_sr	NaN - rows are merged	blastn	NaN - rows are merged	2309909	2309974	66	1	67	67	4947532
13078bat	Escherichia_coli_strain_Ecol_881_chromosome_complete_genome	genome	-	NZ_CP019029.1	at_nt_shob_ohsc_sr	NaN - rows are merged	blastn	NaN - rows are merged	4597946	4597880	67	1	66	66	5262974
10092bt	Escherichia_coli_strain_Ecol_881_chromosome_complete_genome	genome	+	NZ_CP019029.1	t_nt_shob_ohsc_sr	NaN - rows are merged	blastn	NaN - rows are merged	4598281	4598361	81	1	81	81	5262974
10023bt	Escherichia_coli_strain_Ecol_AZ146_chromosome_complete_genome	genome	-	NZ_CP018991.1	t_nt_shob_ohsc_sr	NaN - rows are merged	blastn	NaN - rows are merged	1568288	1568208	81	1	81	81	5434745
11692bat	Escherichia_coli_strain_Ecol_AZ146_chromosome_complete_genome	genome	+	NZ_CP018991.1	at_nt_shob_ohsc_sr	NaN - rows are merged	blastn	NaN - rows are merged	1568623	1568688	66	1	67	67	5434745
11991bat	Escherichia_coli_strain_Ecol_AZ147_chromosome_complete_genome	genome	-	NZ_CP018995.1	at_nt_shob_ohsc_sr	NaN - rows are merged	blastn	NaN - rows are merged	639649	639573	77	1	77	77	4708839
10334bt	Escherichia_coli_strain_Ecol_AZ147_chromosome_complete_genome	genome	+	NZ_CP018995.1	t_nt_shob_ohsc_sr	NaN - rows are merged	blastn	NaN - rows are merged	639972	640052	81	1	81	81	4708839
1016bt	Escherichia_coli_strain_Ecol_AZ147_chromosome_complete_genome	genome	+	NZ_CP018995.1	t_pro_shob_ohsc_sr	NaN - rows are merged	tblastn	NaN - rows are merged	639972	640049	78	1	26	26	4708839
10022bt	Escherichia_coli_strain_Ecol_AZ153_chromosome_complete_genome	genome	-	NZ_CP019000.1	t_nt_shob_ohsc_sr	NaN - rows are merged	blastn	NaN - rows are merged	1880115	1880035	81	1	81	81	4998584
11691bat	Escherichia_coli_strain_Ecol_AZ153_chromosome_complete_genome	genome	+	NZ_CP019000.1	at_nt_shob_ohsc_sr	NaN - rows are merged	blastn	NaN - rows are merged	1880450	1880515	66	1	67	67	4998584
10333bt	Escherichia_coli_strain_Ecol_AZ155_chromosome_complete_genome	genome	-	NZ_CP019005.1	t_nt_shob_ohsc_sr	NaN - rows are merged	blastn	NaN - rows are merged	4040078	4039998	81	1	81	81	4690903
1035bt	Escherichia_coli_strain_Ecol_AZ155_chromosome_complete_genome	genome	-	NZ_CP019005.1	t_pro_shob_ohsc_sr	NaN - rows are merged	tblastn	NaN - rows are merged	4040078	4040001	78	1	26	26	4690903
10257bat	Escherichia_coli_strain_Ecol_AZ155_chromosome_complete_genome	genome	+	NZ_CP019005.1	at_nt_shob_ohsc_sr	NaN - rows are merged	blastn	NaN - rows are merged	4040401	4040477	77	1	77	77	4690903
13344bat	Escherichia_coli_strain_Ecol_AZ159_chromosome_complete_genome	genome	-	NZ_CP019008.1	at_nt_shob_ohsc_sr	NaN - rows are merged	blastn	NaN - rows are merged	1474411	1474346	66	1	66	66	4926149
10021bt	Escherichia_coli_strain_Ecol_AZ159_chromosome_complete_genome	genome	+	NZ_CP019008.1	t_nt_shob_ohsc_sr	NaN - rows are merged	blastn	NaN - rows are merged	1474746	1474826	81	1	81	81	4926149
13343bat	Escherichia_coli_strain_Ecol_AZ161_chromosome_complete_genome	genome	-	NZ_CP019012.1	at_nt_shob_ohsc_sr	NaN - rows are merged	blastn	NaN - rows are merged	3575352	3575287	66	1	66	66	4911496
10020bt	Escherichia_coli_strain_Ecol_AZ161_chromosome_complete_genome	genome	+	NZ_CP019012.1	t_nt_shob_ohsc_sr	NaN - rows are merged	blastn	NaN - rows are merged	3575687	3575767	81	1	81	81	4911496
13342bat	Escherichia_coli_strain_Ecol_AZ162_chromosome_complete_genome	genome	-	NZ_CP019015.1	at_nt_shob_ohsc_sr	NaN - rows are merged	blastn	NaN - rows are merged	3199928	3199863	66	1	66	66	5099988
10019bt	Escherichia_coli_strain_Ecol_AZ162_chromosome_complete_genome	genome	+	NZ_CP019015.1	t_nt_shob_ohsc_sr	NaN - rows are merged	blastn	NaN - rows are merged	3200263	3200343	81	1	81	81	5099988
10326bt	Escherichia_coli_strain_Es_ST2350_SE1_NDM_03_2018_chromosome_complete_genome	genome	-	NZ_CP031321.1	t_nt_shob_ohsc_sr	NaN - rows are merged	blastn	NaN - rows are merged	679538	679458	81	1	81	81	4733230
1001bt	Escherichia_coli_strain_Es_ST2350_SE1_NDM_03_2018_chromosome_complete_genome	genome	-	NZ_CP031321.1	t_pro_shob_ohsc_sr	NaN - rows are merged	tblastn	NaN - rows are merged	679538	679461	78	1	26	26	4733230
14306bat	Escherichia_coli_strain_Es_ST2350_SE1_NDM_03_2018_chromosome_complete_genome	genome	+	NZ_CP031321.1	at_nt_shob_ohsc_sr	4086bat_bac:Escherichia_albertii_strain_2013C_4143_chromosome_complete_genome_tasys:at_nt_shob_ohsc_	blastn	5.98e-15	679873	679925	54	2	55	64	4733230
10325bt	Escherichia_coli_strain_Es_ST410_NW1_NDM_09_2017_chromosome_complete_genome	genome	-	NZ_CP031231.1	t_nt_shob_ohsc_sr	NaN - rows are merged	blastn	NaN - rows are merged	3702668	3702588	81	1	81	81	4800614
1441bt	Escherichia_coli_strain_Es_ST410_NW1_NDM_09_2017_chromosome_complete_genome	genome	-	NZ_CP031231.1	t_pro_shob_ohsc_sr	NaN - rows are merged	tblastn	NaN - rows are merged	3702668	3702591	78	1	26	26	4800614
10250bat	Escherichia_coli_strain_Es_ST410_NW1_NDM_09_2017_chromosome_complete_genome	genome	+	NZ_CP031231.1	at_nt_shob_ohsc_sr	NaN - rows are merged	blastn	NaN - rows are merged	3702991	3703067	77	1	77	77	4800614
13340bat	Escherichia_coli_strain_Es_ST80_L1_NDM_10_2017_chromosome_complete_genome	genome	-	NZ_CP031215.1	at_nt_shob_ohsc_sr	NaN - rows are merged	blastn	NaN - rows are merged	4930428	4930363	66	1	66	66	5214712
10017bt	Escherichia_coli_strain_Es_ST80_L1_NDM_10_2017_chromosome_complete_genome	genome	+	NZ_CP031215.1	t_nt_shob_ohsc_sr	NaN - rows are merged	blastn	NaN - rows are merged	4930763	4930843	81	1	81	81	5214712
10016bt	Escherichia_coli_strain_ExPEC_XM_chromosome_complete_genome	genome	-	NZ_CP025328.1	t_nt_shob_ohsc_sr	NaN - rows are merged	blastn	NaN - rows are merged	2910319	2910239	81	1	81	81	5146765
11685bat	Escherichia_coli_strain_ExPEC_XM_chromosome_complete_genome	genome	+	NZ_CP025328.1	at_nt_shob_ohsc_sr	NaN - rows are merged	blastn	NaN - rows are merged	2910654	2910719	66	1	67	67	5146765
1099bt	Escherichia_coli_strain_F5176C6_chromosome	chromosome	-	NZ_CP024667.1	t_pro_shob_ohsc_sr	NaN - rows are merged	tblastn	NaN - rows are merged	1404186	1404109	78	1	26	26	5069417
10908bt	Escherichia_coli_strain_F5176C6_chromosome	chromosome	-	NZ_CP024667.1	t_nt_shob_ohsc_sr	NaN - rows are merged	blastn	NaN - rows are merged	1404186	1404106	81	1	81	81	5069417
10009bat	Escherichia_coli_strain_F5176C6_chromosome	chromosome	+	NZ_CP024667.1	at_nt_shob_ohsc_sr	NaN - rows are merged	blastn	NaN - rows are merged	1404509	1404585	77	1	76	76	5069417
13688bat	Escherichia_coli_strain_F5656C1_chromosome_complete_genome	genome	-	NZ_CP024260.1	at_nt_shob_ohsc_sr	NaN - rows are merged	blastn	NaN - rows are merged	4245365	4245290	76	2	66	66	4733683
10322bt	Escherichia_coli_strain_F5656C1_chromosome_complete_genome	genome	+	NZ_CP024260.1	t_nt_shob_ohsc_sr	NaN - rows are merged	blastn	NaN - rows are merged	4245441	4245521	81	1	81	81	4733683
1487bt	Escherichia_coli_strain_F5656C1_chromosome_complete_genome	genome	+	NZ_CP024260.1	t_pro_shob_ohsc_sr	NaN - rows are merged	tblastn	NaN - rows are merged	4245441	4245518	78	1	26	26	4733683
1352bt	Escherichia_coli_strain_F8111_1SC3_chromosome_complete_genome	genome	-	NZ_CP024269.1	t_pro_shob_ohsc_sr	NaN - rows are merged	tblastn	NaN - rows are merged	1452226	1452149	78	1	26	26	4905023
10321bt	Escherichia_coli_strain_F8111_1SC3_chromosome_complete_genome	genome	-	NZ_CP024269.1	t_nt_shob_ohsc_sr	NaN - rows are merged	blastn	NaN - rows are merged	1452226	1452146	81	1	81	81	4905023
14271bat	Escherichia_coli_strain_F8111_1SC3_chromosome_complete_genome	genome	+	NZ_CP024269.1	at_nt_shob_ohsc_sr	NaN - rows are merged	blastn	NaN - rows are merged	1452561	1452625	65	1	64	64	4905023
1383bt	Escherichia_coli_strain_F9792_chromosome_complete_genome	genome	-	NZ_CP024273.1	t_pro_shob_ohsc_sr	NaN - rows are merged	tblastn	NaN - rows are merged	2741075	2740998	78	1	26	26	4875605
10320bt	Escherichia_coli_strain_F9792_chromosome_complete_genome	genome	-	NZ_CP024273.1	t_nt_shob_ohsc_sr	NaN - rows are merged	blastn	NaN - rows are merged	2741075	2740995	81	1	81	81	4875605
11684bat	Escherichia_coli_strain_F9792_chromosome_complete_genome	genome	+	NZ_CP024273.1	at_nt_shob_ohsc_sr	NaN - rows are merged	blastn	NaN - rows are merged	2741410	2741475	66	1	67	67	4875605
10319bt	Escherichia_coli_strain_FAM21845_chromosome_complete_genome	genome	-	NZ_CP017220.1	t_nt_shob_ohsc_sr	NaN - rows are merged	blastn	NaN - rows are merged	2869587	2869507	81	1	81	81	4901993
1356bt	Escherichia_coli_strain_FAM21845_chromosome_complete_genome	genome	-	NZ_CP017220.1	t_pro_shob_ohsc_sr	NaN - rows are merged	tblastn	NaN - rows are merged	2869587	2869510	78	1	26	26	4901993
10247bat	Escherichia_coli_strain_FAM21845_chromosome_complete_genome	genome	+	NZ_CP017220.1	at_nt_shob_ohsc_sr	NaN - rows are merged	blastn	NaN - rows are merged	2869910	2869986	77	1	77	77	4901993
10015bt	Escherichia_coli_strain_FDAARGOS_144_chromosome_complete_genome	genome	-	NZ_CP014111.1	t_nt_shob_ohsc_sr	NaN - rows are merged	blastn	NaN - rows are merged	2063062	2062982	81	1	81	81	4829687
11683bat	Escherichia_coli_strain_FDAARGOS_144_chromosome_complete_genome	genome	+	NZ_CP014111.1	at_nt_shob_ohsc_sr	NaN - rows are merged	blastn	NaN - rows are merged	2063397	2063462	66	1	67	67	4829687
11979bat	Escherichia_coli_strain_FDAARGOS_401_chromosome_complete_genome	genome	-	NZ_CP023531.1	at_nt_shob_ohsc_sr	NaN - rows are merged	blastn	NaN - rows are merged	367438	367362	77	1	77	77	5311821
10318bt	Escherichia_coli_strain_FDAARGOS_401_chromosome_complete_genome	genome	+	NZ_CP023531.1	t_nt_shob_ohsc_sr	NaN - rows are merged	blastn	NaN - rows are merged	367761	367841	81	1	81	81	5311821
1181bt	Escherichia_coli_strain_FDAARGOS_401_chromosome_complete_genome	genome	+	NZ_CP023531.1	t_pro_shob_ohsc_sr	NaN - rows are merged	tblastn	NaN - rows are merged	367761	367838	78	1	26	26	5311821
10317bt	Escherichia_coli_strain_FDAARGOS_403_chromosome_complete_genome	genome	-	NZ_CP023535.1	t_nt_shob_ohsc_sr	NaN - rows are merged	blastn	NaN - rows are merged	1765971	1765891	81	1	81	81	5277336
1192bt	Escherichia_coli_strain_FDAARGOS_403_chromosome_complete_genome	genome	-	NZ_CP023535.1	t_pro_shob_ohsc_sr	NaN - rows are merged	tblastn	NaN - rows are merged	1765971	1765894	78	1	26	26	5277336
10245bat	Escherichia_coli_strain_FDAARGOS_403_chromosome_complete_genome	genome	+	NZ_CP023535.1	at_nt_shob_ohsc_sr	NaN - rows are merged	blastn	NaN - rows are merged	1766294	1766370	77	1	77	77	5277336
11977bat	Escherichia_coli_strain_FDAARGOS_433_chromosome_complete_genome	genome	-	NZ_CP023899.1	at_nt_shob_ohsc_sr	NaN - rows are merged	blastn	NaN - rows are merged	2682734	2682658	77	1	77	77	4711093
10316bt	Escherichia_coli_strain_FDAARGOS_433_chromosome_complete_genome	genome	+	NZ_CP023899.1	t_nt_shob_ohsc_sr	NaN - rows are merged	blastn	NaN - rows are merged	2683057	2683137	81	1	81	81	4711093
1014bt	Escherichia_coli_strain_FDAARGOS_433_chromosome_complete_genome	genome	+	NZ_CP023899.1	t_pro_shob_ohsc_sr	NaN - rows are merged	tblastn	NaN - rows are merged	2683057	2683134	78	1	26	26	4711093
1107bt	Escherichia_coli_strain_FDAARGOS_434_chromosome_complete_genome	chromosome	-	NZ_CP023870.1	t_pro_shob_ohsc_sr	NaN - rows are merged	tblastn	NaN - rows are merged	929886	929809	78	1	26	26	4897877
10907bt	Escherichia_coli_strain_FDAARGOS_434_chromosome_complete_genome	chromosome	-	NZ_CP023870.1	t_nt_shob_ohsc_sr	NaN - rows are merged	blastn	NaN - rows are merged	929886	929806	81	1	81	81	4897877
10008bat	Escherichia_coli_strain_FDAARGOS_434_chromosome_complete_genome	chromosome	+	NZ_CP023870.1	at_nt_shob_ohsc_sr	NaN - rows are merged	blastn	NaN - rows are merged	930209	930285	77	1	76	76	4897877
11746bat	Escherichia_coli_strain_FDAARGOS_448_chromosome_complete_genome	genome	-	NZ_CP023960.1	at_nt_shob_ohsc_sr	NaN - rows are merged	blastn	NaN - rows are merged	4879088	4879012	77	1	77	77	5169451
10486bt	Escherichia_coli_strain_FDAARGOS_448_chromosome_complete_genome	genome	+	NZ_CP023960.1	t_nt_shob_ohsc_sr	NaN - rows are merged	blastn	NaN - rows are merged	4879411	4879491	81	1	81	81	5169451
1225bt	Escherichia_coli_strain_FDAARGOS_448_chromosome_complete_genome	genome	+	NZ_CP023960.1	t_pro_shob_ohsc_sr	NaN - rows are merged	tblastn	NaN - rows are merged	4879411	4879488	78	1	26	26	5169451
10090bt	Escherichia_coli_strain_FDAARGOS_497_chromosome_complete_genome	genome	-	NZ_CP033850.1	t_nt_shob_ohsc_sr	NaN - rows are merged	blastn	NaN - rows are merged	84649	84569	81	1	81	81	5231450
11574bat	Escherichia_coli_strain_FDAARGOS_497_chromosome_complete_genome	genome	+	NZ_CP033850.1	at_nt_shob_ohsc_sr	NaN - rows are merged	blastn	NaN - rows are merged	84984	85050	67	1	67	67	5231450
10014bt	Escherichia_coli_strain_FDAARGOS_536_chromosome_complete_genome	genome	-	NZ_CP033762.1	t_nt_shob_ohsc_sr	NaN - rows are merged	blastn	NaN - rows are merged	2245291	2245211	81	1	81	81	4977723
11681bat	Escherichia_coli_strain_FDAARGOS_536_chromosome_complete_genome	genome	+	NZ_CP033762.1	at_nt_shob_ohsc_sr	NaN - rows are merged	blastn	NaN - rows are merged	2245626	2245691	66	1	67	67	4977723
10013bt	Escherichia_coli_strain_FHI_NMBU_03_chromosome_complete_genome	genome	-	NZ_CP019455.1	t_nt_shob_ohsc_sr	NaN - rows are merged	blastn	NaN - rows are merged	624996	624916	81	1	81	81	4685056
11680bat	Escherichia_coli_strain_FHI_NMBU_03_chromosome_complete_genome	genome	+	NZ_CP019455.1	at_nt_shob_ohsc_sr	NaN - rows are merged	blastn	NaN - rows are merged	625331	625396	66	1	67	67	4685056
13683bat	Escherichia_coli_strain_FMU073332_complete_genome	genome	-	NZ_CP017844.1	at_nt_shob_ohsc_sr	NaN - rows are merged	blastn	NaN - rows are merged	2515242	2515167	76	2	66	66	4718719
10315bt	Escherichia_coli_strain_FMU073332_complete_genome	genome	+	NZ_CP017844.1	t_nt_shob_ohsc_sr	NaN - rows are merged	blastn	NaN - rows are merged	2515318	2515398	81	1	81	81	4718719
1009bt	Escherichia_coli_strain_FMU073332_complete_genome	genome	+	NZ_CP017844.1	t_pro_shob_ohsc_sr	NaN - rows are merged	tblastn	NaN - rows are merged	2515318	2515395	78	1	26	26	4718719
11976bat	Escherichia_coli_strain_FORC_028_complete_genome	genome	-	NZ_CP012693.1	at_nt_shob_ohsc_sr	NaN - rows are merged	blastn	NaN - rows are merged	1334339	1334263	77	1	77	77	5704396
10314bt	Escherichia_coli_strain_FORC_028_complete_genome	genome	+	NZ_CP012693.1	t_nt_shob_ohsc_sr	NaN - rows are merged	blastn	NaN - rows are merged	1334662	1334742	81	1	81	81	5704396
1073bt	Escherichia_coli_strain_FORC_028_complete_genome	genome	+	NZ_CP012693.1	t_pro_shob_ohsc_sr	NaN - rows are merged	tblastn	NaN - rows are merged	1334662	1334739	78	1	26	26	5704396
11975bat	Escherichia_coli_strain_FORC_029_complete_genome	genome	-	NZ_CP013185.1	at_nt_shob_ohsc_sr	NaN - rows are merged	blastn	NaN - rows are merged	1318769	1318693	77	1	77	77	5189944
1220bt	Escherichia_coli_strain_FORC_029_complete_genome	genome	+	NZ_CP013185.1	t_pro_shob_ohsc_sr	NaN - rows are merged	tblastn	NaN - rows are merged	1319092	1319169	78	1	26	26	5189944
10313bt	Escherichia_coli_strain_FORC_029_complete_genome	genome	+	NZ_CP013185.1	t_nt_shob_ohsc_sr	NaN - rows are merged	blastn	NaN - rows are merged	1319092	1319172	81	1	81	81	5189944
13680bat	Escherichia_coli_strain_FORC_031_complete_genome	genome	-	NZ_CP013190.1	at_nt_shob_ohsc_sr	NaN - rows are merged	blastn	NaN - rows are merged	1248879	1248804	76	2	66	66	4830073
10312bt	Escherichia_coli_strain_FORC_031_complete_genome	genome	+	NZ_CP013190.1	t_nt_shob_ohsc_sr	NaN - rows are merged	blastn	NaN - rows are merged	1248955	1249035	81	1	81	81	4830073
1417bt	Escherichia_coli_strain_FORC_031_complete_genome	genome	+	NZ_CP013190.1	t_pro_shob_ohsc_sr	NaN - rows are merged	tblastn	NaN - rows are merged	1248955	1249032	78	1	26	26	4830073
11974bat	Escherichia_coli_strain_FORC_041_complete_genome	genome	-	NZ_CP016628.1	at_nt_shob_ohsc_sr	NaN - rows are merged	blastn	NaN - rows are merged	1294737	1294661	77	1	77	77	4867152
10311bt	Escherichia_coli_strain_FORC_041_complete_genome	genome	+	NZ_CP016628.1	t_nt_shob_ohsc_sr	NaN - rows are merged	blastn	NaN - rows are merged	1295060	1295140	81	1	81	81	4867152
1388bt	Escherichia_coli_strain_FORC_041_complete_genome	genome	+	NZ_CP016628.1	t_pro_shob_ohsc_sr	NaN - rows are merged	tblastn	NaN - rows are merged	1295060	1295137	78	1	26	26	4867152
11973bat	Escherichia_coli_strain_FORC_042_chromosome_complete_genome	genome	-	NZ_CP025318.1	at_nt_shob_ohsc_sr	NaN - rows are merged	blastn	NaN - rows are merged	1292618	1292542	77	1	77	77	5052887
1277bt	Escherichia_coli_strain_FORC_042_chromosome_complete_genome	genome	+	NZ_CP025318.1	t_pro_shob_ohsc_sr	NaN - rows are merged	tblastn	NaN - rows are merged	1292936	1293013	78	1	26	26	5052887
10310bt	Escherichia_coli_strain_FORC_042_chromosome_complete_genome	genome	+	NZ_CP025318.1	t_nt_shob_ohsc_sr	NaN - rows are merged	blastn	NaN - rows are merged	1292936	1293016	81	1	81	81	5052887
11972bat	Escherichia_coli_strain_FORC_043_chromosome_complete_genome	genome	-	NZ_CP016828.1	at_nt_shob_ohsc_sr	NaN - rows are merged	blastn	NaN - rows are merged	1318832	1318756	77	1	77	77	5244443
10309bt	Escherichia_coli_strain_FORC_043_chromosome_complete_genome	genome	+	NZ_CP016828.1	t_nt_shob_ohsc_sr	NaN - rows are merged	blastn	NaN - rows are merged	1319155	1319235	81	1	81	81	5244443
1203bt	Escherichia_coli_strain_FORC_043_chromosome_complete_genome	genome	+	NZ_CP016828.1	t_pro_shob_ohsc_sr	NaN - rows are merged	tblastn	NaN - rows are merged	1319155	1319232	78	1	26	26	5244443
13333bat	Escherichia_coli_strain_FORC_044_chromosome_complete_genome	genome	-	NZ_CP016755.1	at_nt_shob_ohsc_sr	NaN - rows are merged	blastn	NaN - rows are merged	1249152	1249087	66	1	66	66	5483726
10308bt	Escherichia_coli_strain_FORC_044_chromosome_complete_genome	genome	+	NZ_CP016755.1	t_nt_shob_ohsc_sr	NaN - rows are merged	blastn	NaN - rows are merged	1249487	1249567	81	1	81	81	5483726
1116bt	Escherichia_coli_strain_FORC_044_chromosome_complete_genome	genome	+	NZ_CP016755.1	t_pro_shob_ohsc_sr	NaN - rows are merged	tblastn	NaN - rows are merged	1249487	1249564	78	1	26	26	5483726
11971bat	Escherichia_coli_strain_FORC_064_chromosome_complete_genome	genome	-	NZ_CP022664.1	at_nt_shob_ohsc_sr	NaN - rows are merged	blastn	NaN - rows are merged	1326488	1326412	77	1	77	77	4873055
10307bt	Escherichia_coli_strain_FORC_064_chromosome_complete_genome	genome	+	NZ_CP022664.1	t_nt_shob_ohsc_sr	NaN - rows are merged	blastn	NaN - rows are merged	1326811	1326891	81	1	81	81	4873055
1384bt	Escherichia_coli_strain_FORC_064_chromosome_complete_genome	genome	+	NZ_CP022664.1	t_pro_shob_ohsc_sr	NaN - rows are merged	tblastn	NaN - rows are merged	1326811	1326888	78	1	26	26	4873055
11970bat	Escherichia_coli_strain_FORC_069_chromosome_complete_genome	genome	-	NZ_CP023061.1	at_nt_shob_ohsc_sr	NaN - rows are merged	blastn	NaN - rows are merged	1318832	1318756	77	1	77	77	5189917
10306bt	Escherichia_coli_strain_FORC_069_chromosome_complete_genome	genome	+	NZ_CP023061.1	t_nt_shob_ohsc_sr	NaN - rows are merged	blastn	NaN - rows are merged	1319155	1319235	81	1	81	81	5189917
1221bt	Escherichia_coli_strain_FORC_069_chromosome_complete_genome	genome	+	NZ_CP023061.1	t_pro_shob_ohsc_sr	NaN - rows are merged	tblastn	NaN - rows are merged	1319155	1319232	78	1	26	26	5189917
11969bat	Escherichia_coli_strain_FORC_081_chromosome_complete_genome	genome	-	NZ_CP029057.1	at_nt_shob_ohsc_sr	NaN - rows are merged	blastn	NaN - rows are merged	4666355	4666279	77	1	77	77	4748053
10305bt	Escherichia_coli_strain_FORC_081_chromosome_complete_genome	genome	+	NZ_CP029057.1	t_nt_shob_ohsc_sr	NaN - rows are merged	blastn	NaN - rows are merged	4666678	4666758	81	1	81	81	4748053
1474bt	Escherichia_coli_strain_FORC_081_chromosome_complete_genome	genome	+	NZ_CP029057.1	t_pro_shob_ohsc_sr	NaN - rows are merged	tblastn	NaN - rows are merged	4666678	4666755	78	1	26	26	4748053
11968bat	Escherichia_coli_strain_FORC_082_chromosome_complete_genome	genome	-	NZ_CP026641.1	at_nt_shob_ohsc_sr	NaN - rows are merged	blastn	NaN - rows are merged	1237728	1237652	77	1	77	77	4728307
10304bt	Escherichia_coli_strain_FORC_082_chromosome_complete_genome	genome	+	NZ_CP026641.1	t_nt_shob_ohsc_sr	NaN - rows are merged	blastn	NaN - rows are merged	1238051	1238131	81	1	81	81	4728307
1004bt	Escherichia_coli_strain_FORC_082_chromosome_complete_genome	genome	+	NZ_CP026641.1	t_pro_shob_ohsc_sr	NaN - rows are merged	tblastn	NaN - rows are merged	1238051	1238128	78	1	26	26	4728307
10012bt	Escherichia_coli_strain_G749_complete_genome	genome	-	NZ_CP014488.1	t_nt_shob_ohsc_sr	NaN - rows are merged	blastn	NaN - rows are merged	2711333	2711253	81	1	81	81	4897758
11678bat	Escherichia_coli_strain_G749_complete_genome	genome	+	NZ_CP014488.1	at_nt_shob_ohsc_sr	NaN - rows are merged	blastn	NaN - rows are merged	2711668	2711733	66	1	67	67	4897758
10303bt	Escherichia_coli_strain_GB089_complete_genome	genome	-	NZ_CP013663.1	t_nt_shob_ohsc_sr	NaN - rows are merged	blastn	NaN - rows are merged	3210579	3210499	81	1	81	81	5233459
1208bt	Escherichia_coli_strain_GB089_complete_genome	genome	-	NZ_CP013663.1	t_pro_shob_ohsc_sr	NaN - rows are merged	tblastn	NaN - rows are merged	3210579	3210502	78	1	26	26	5233459
10234bat	Escherichia_coli_strain_GB089_complete_genome	genome	+	NZ_CP013663.1	at_nt_shob_ohsc_sr	NaN - rows are merged	blastn	NaN - rows are merged	3210902	3210978	77	1	77	77	5233459
13331bat	Escherichia_coli_strain_H105_complete_genome	genome	-	NZ_CP021454.1	at_nt_shob_ohsc_sr	NaN - rows are merged	blastn	NaN - rows are merged	1308184	1308119	66	1	66	66	4978342
10011bt	Escherichia_coli_strain_H105_complete_genome	genome	+	NZ_CP021454.1	t_nt_shob_ohsc_sr	NaN - rows are merged	blastn	NaN - rows are merged	1308519	1308599	81	1	81	81	4978342
10302bt	Escherichia_coli_strain_H10_complete_genome	genome	-	NZ_CP010176.1	t_nt_shob_ohsc_sr	NaN - rows are merged	blastn	NaN - rows are merged	2633253	2633173	81	1	81	81	4805164
1437bt	Escherichia_coli_strain_H10_complete_genome	genome	-	NZ_CP010176.1	t_pro_shob_ohsc_sr	NaN - rows are merged	tblastn	NaN - rows are merged	2633253	2633176	78	1	26	26	4805164
10233bat	Escherichia_coli_strain_H10_complete_genome	genome	+	NZ_CP010176.1	at_nt_shob_ohsc_sr	NaN - rows are merged	blastn	NaN - rows are merged	2633576	2633652	77	1	77	77	4805164
11965bat	Escherichia_coli_strain_H14_complete_genome	genome	-	NZ_CP010177.1	at_nt_shob_ohsc_sr	NaN - rows are merged	blastn	NaN - rows are merged	2561309	2561233	77	1	77	77	4735489
10301bt	Escherichia_coli_strain_H14_complete_genome	genome	+	NZ_CP010177.1	t_nt_shob_ohsc_sr	NaN - rows are merged	blastn	NaN - rows are merged	2561632	2561712	81	1	81	81	4735489
1486bt	Escherichia_coli_strain_H14_complete_genome	genome	+	NZ_CP010177.1	t_pro_shob_ohsc_sr	NaN - rows are merged	tblastn	NaN - rows are merged	2561632	2561709	78	1	26	26	4735489
10300bt	Escherichia_coli_strain_H15_complete_genome	genome	-	NZ_CP010178.1	t_nt_shob_ohsc_sr	NaN - rows are merged	blastn	NaN - rows are merged	2511828	2511748	81	1	81	81	4741552
1481bt	Escherichia_coli_strain_H15_complete_genome	genome	-	NZ_CP010178.1	t_pro_shob_ohsc_sr	NaN - rows are merged	tblastn	NaN - rows are merged	2511828	2511751	78	1	26	26	4741552
10231bat	Escherichia_coli_strain_H15_complete_genome	genome	+	NZ_CP010178.1	at_nt_shob_ohsc_sr	NaN - rows are merged	blastn	NaN - rows are merged	2512151	2512227	77	1	77	77	4741552
10051bat	Escherichia_coli_strain_H17_chromosome	chromosome	-	NZ_CP021193.1	at_nt_shob_ohsc_sr	NaN - rows are merged	blastn	NaN - rows are merged	3999642	3999577	66	13	76	76	5219546
10953bt	Escherichia_coli_strain_H17_chromosome	chromosome	+	NZ_CP021193.1	t_nt_shob_ohsc_sr	NaN - rows are merged	blastn	NaN - rows are merged	3999977	4000057	81	1	81	81	5219546
1142bt	Escherichia_coli_strain_H17_chromosome	chromosome	+	NZ_CP021193.1	t_pro_shob_ohsc_sr	NaN - rows are merged	tblastn	NaN - rows are merged	3999977	4000054	78	1	26	26	5219546
1424bt	Escherichia_coli_strain_H1_complete_genome	genome	-	NZ_CP010160.1	t_pro_shob_ohsc_sr	NaN - rows are merged	tblastn	NaN - rows are merged	1140515	1140438	78	1	26	26	4818512
10298bt	Escherichia_coli_strain_H1_complete_genome	genome	-	NZ_CP010160.1	t_nt_shob_ohsc_sr	NaN - rows are merged	blastn	NaN - rows are merged	1140515	1140435	81	1	81	81	4818512
10229bat	Escherichia_coli_strain_H1_complete_genome	genome	+	NZ_CP010160.1	at_nt_shob_ohsc_sr	NaN - rows are merged	blastn	NaN - rows are merged	1140838	1140914	77	1	77	77	4818512
11961bat	Escherichia_coli_strain_H2_complete_genome	genome	-	NZ_CP010163.1	at_nt_shob_ohsc_sr	NaN - rows are merged	blastn	NaN - rows are merged	1416340	1416264	77	1	77	77	4531885
10297bt	Escherichia_coli_strain_H2_complete_genome	genome	+	NZ_CP010163.1	t_nt_shob_ohsc_sr	NaN - rows are merged	blastn	NaN - rows are merged	1416663	1416743	81	1	81	81	4531885
10296bt	Escherichia_coli_strain_H3_complete_genome	genome	-	NZ_CP010167.1	t_nt_shob_ohsc_sr	NaN - rows are merged	blastn	NaN - rows are merged	3878839	3878759	81	1	81	81	4630919
10227bat	Escherichia_coli_strain_H3_complete_genome	genome	+	NZ_CP010167.1	at_nt_shob_ohsc_sr	NaN - rows are merged	blastn	NaN - rows are merged	3879162	3879238	77	1	77	77	4630919
10295bt	Escherichia_coli_strain_H5_complete_genome	genome	-	NZ_CP010169.1	t_nt_shob_ohsc_sr	NaN - rows are merged	blastn	NaN - rows are merged	4802119	4802039	81	1	81	81	4833228
1413bt	Escherichia_coli_strain_H5_complete_genome	genome	-	NZ_CP010169.1	t_pro_shob_ohsc_sr	NaN - rows are merged	tblastn	NaN - rows are merged	4802119	4802042	78	1	26	26	4833228
10226bat	Escherichia_coli_strain_H5_complete_genome	genome	+	NZ_CP010169.1	at_nt_shob_ohsc_sr	NaN - rows are merged	blastn	NaN - rows are merged	4802442	4802518	77	1	77	77	4833228
11958bat	Escherichia_coli_strain_H6_complete_genome	genome	-	NZ_CP010170.1	at_nt_shob_ohsc_sr	NaN - rows are merged	blastn	NaN - rows are merged	1388148	1388072	77	1	77	77	4832567
10294bt	Escherichia_coli_strain_H6_complete_genome	genome	+	NZ_CP010170.1	t_nt_shob_ohsc_sr	NaN - rows are merged	blastn	NaN - rows are merged	1388471	1388551	81	1	81	81	4832567
1415bt	Escherichia_coli_strain_H6_complete_genome	genome	+	NZ_CP010170.1	t_pro_shob_ohsc_sr	NaN - rows are merged	tblastn	NaN - rows are merged	1388471	1388548	78	1	26	26	4832567
11957bat	Escherichia_coli_strain_H7_complete_genome	genome	-	NZ_CP010171.1	at_nt_shob_ohsc_sr	NaN - rows are merged	blastn	NaN - rows are merged	4126489	4126413	77	1	77	77	4807161
10293bt	Escherichia_coli_strain_H7_complete_genome	genome	+	NZ_CP010171.1	t_nt_shob_ohsc_sr	NaN - rows are merged	blastn	NaN - rows are merged	4126812	4126892	81	1	81	81	4807161
1436bt	Escherichia_coli_strain_H7_complete_genome	genome	+	NZ_CP010171.1	t_pro_shob_ohsc_sr	NaN - rows are merged	tblastn	NaN - rows are merged	4126812	4126889	78	1	26	26	4807161
10099bat	Escherichia_coli_strain_H8Ecoli_chromosome	chromosome	-	NZ_CP029212.1	at_nt_shob_ohsc_sr	NaN - rows are merged	blastn	NaN - rows are merged	1195995	1195919	77	2	66	66	4743004
1121bt	Escherichia_coli_strain_H8Ecoli_chromosome	chromosome	+	NZ_CP029212.1	t_pro_shob_ohsc_sr	NaN - rows are merged	tblastn	NaN - rows are merged	1196318	1196395	78	1	26	26	4743004
10906bt	Escherichia_coli_strain_H8Ecoli_chromosome	chromosome	+	NZ_CP029212.1	t_nt_shob_ohsc_sr	NaN - rows are merged	blastn	NaN - rows are merged	1196318	1196398	81	1	81	81	4743004
11745bat	Escherichia_coli_strain_H8_complete_genome	genome	-	NZ_CP010172.1	at_nt_shob_ohsc_sr	NaN - rows are merged	blastn	NaN - rows are merged	2376359	2376283	77	1	77	77	4929892
10485bt	Escherichia_coli_strain_H8_complete_genome	genome	+	NZ_CP010172.1	t_nt_shob_ohsc_sr	NaN - rows are merged	blastn	NaN - rows are merged	2376682	2376762	81	1	81	81	4929892
1339bt	Escherichia_coli_strain_H8_complete_genome	genome	+	NZ_CP010172.1	t_pro_shob_ohsc_sr	NaN - rows are merged	tblastn	NaN - rows are merged	2376682	2376759	78	1	26	26	4929892
10292bt	Escherichia_coli_strain_H9Ecoli_chromosome_complete_genome	genome	-	NZ_CP029180.1	t_nt_shob_ohsc_sr	NaN - rows are merged	blastn	NaN - rows are merged	1795859	1795779	81	1	81	81	4722506
1006bt	Escherichia_coli_strain_H9Ecoli_chromosome_complete_genome	genome	-	NZ_CP029180.1	t_pro_shob_ohsc_sr	NaN - rows are merged	tblastn	NaN - rows are merged	1795859	1795782	78	1	26	26	4722506
10223bat	Escherichia_coli_strain_H9Ecoli_chromosome_complete_genome	genome	+	NZ_CP029180.1	at_nt_shob_ohsc_sr	NaN - rows are merged	blastn	NaN - rows are merged	1796182	1796258	77	1	77	77	4722506
11955bat	Escherichia_coli_strain_HB_Coli0_chromosome_complete_genome	genome	-	NZ_CP020933.1	at_nt_shob_ohsc_sr	NaN - rows are merged	blastn	NaN - rows are merged	1764778	1764702	77	1	77	77	4858944
1394bt	Escherichia_coli_strain_HB_Coli0_chromosome_complete_genome	genome	+	NZ_CP020933.1	t_pro_shob_ohsc_sr	NaN - rows are merged	tblastn	NaN - rows are merged	1765101	1765178	78	1	26	26	4858944
10291bt	Escherichia_coli_strain_HB_Coli0_chromosome_complete_genome	genome	+	NZ_CP020933.1	t_nt_shob_ohsc_sr	NaN - rows are merged	blastn	NaN - rows are merged	1765101	1765181	81	1	81	81	4858944
11954bat	Escherichia_coli_strain_HKUOPY1_chromosome_complete_genome	genome	-	NZ_CP019961.1	at_nt_shob_ohsc_sr	NaN - rows are merged	blastn	NaN - rows are merged	2964842	2964766	77	1	77	77	4774500
10290bt	Escherichia_coli_strain_HKUOPY1_chromosome_complete_genome	genome	+	NZ_CP019961.1	t_nt_shob_ohsc_sr	NaN - rows are merged	blastn	NaN - rows are merged	2965165	2965245	81	1	81	81	4774500
1464bt	Escherichia_coli_strain_HKUOPY1_chromosome_complete_genome	genome	+	NZ_CP019961.1	t_pro_shob_ohsc_sr	NaN - rows are merged	tblastn	NaN - rows are merged	2965165	2965242	78	1	26	26	4774500
10010bt	Escherichia_coli_strain_HS13_1_chromosome_complete_genome	genome	-	NZ_CP026491.1	t_nt_shob_ohsc_sr	NaN - rows are merged	blastn	NaN - rows are merged	1464881	1464801	81	1	81	81	5087117
11675bat	Escherichia_coli_strain_HS13_1_chromosome_complete_genome	genome	+	NZ_CP026491.1	at_nt_shob_ohsc_sr	NaN - rows are merged	blastn	NaN - rows are merged	1465216	1465281	66	1	67	67	5087117
11953bat	Escherichia_coli_strain_HS30_1_chromosome_complete_genome	genome	-	NZ_CP029492.1	at_nt_shob_ohsc_sr	NaN - rows are merged	blastn	NaN - rows are merged	1139122	1139046	77	1	77	77	4423666
10289bt	Escherichia_coli_strain_HS30_1_chromosome_complete_genome	genome	+	NZ_CP029492.1	t_nt_shob_ohsc_sr	NaN - rows are merged	blastn	NaN - rows are merged	1139445	1139525	81	1	81	81	4423666
11952bat	Escherichia_coli_strain_HST04_complete_genome	genome	-	NZ_CP013952.1	at_nt_shob_ohsc_sr	NaN - rows are merged	blastn	NaN - rows are merged	3189721	3189645	77	1	77	77	4567242
10288bt	Escherichia_coli_strain_HST04_complete_genome	genome	+	NZ_CP013952.1	t_nt_shob_ohsc_sr	NaN - rows are merged	blastn	NaN - rows are merged	3190044	3190124	81	1	81	81	4567242
13075bat	Escherichia_coli_strain_IMT16316_chromosome_complete_genome	genome	-	NZ_CP023815.1	at_nt_shob_ohsc_sr	NaN - rows are merged	blastn	NaN - rows are merged	3175832	3175766	67	1	66	66	4937350
10089bt	Escherichia_coli_strain_IMT16316_chromosome_complete_genome	genome	+	NZ_CP023815.1	t_nt_shob_ohsc_sr	NaN - rows are merged	blastn	NaN - rows are merged	3176167	3176247	81	1	81	81	4937350
10286bt	Escherichia_coli_strain_J53_chromosome_complete_genome	genome	-	NZ_CP028702.1	t_nt_shob_ohsc_sr	NaN - rows are merged	blastn	NaN - rows are merged	3133965	3133885	81	1	81	81	4682574
1005bt	Escherichia_coli_strain_J53_chromosome_complete_genome	genome	-	NZ_CP028702.1	t_pro_shob_ohsc_sr	NaN - rows are merged	tblastn	NaN - rows are merged	3133965	3133888	78	1	26	26	4682574
10217bat	Escherichia_coli_strain_J53_chromosome_complete_genome	genome	+	NZ_CP028702.1	at_nt_shob_ohsc_sr	NaN - rows are merged	blastn	NaN - rows are merged	3134288	3134364	77	1	77	77	4682574
10009bt	Escherichia_coli_strain_JJ2434_complete_genome	genome	-	NZ_CP013835.1	t_nt_shob_ohsc_sr	NaN - rows are merged	blastn	NaN - rows are merged	2905508	2905428	81	1	81	81	5128614
11674bat	Escherichia_coli_strain_JJ2434_complete_genome	genome	+	NZ_CP013835.1	at_nt_shob_ohsc_sr	NaN - rows are merged	blastn	NaN - rows are merged	2905843	2905908	66	1	67	67	5128614
11944bat	Escherichia_coli_strain_KBN10P04869_chromosome_complete_genome	genome	-	NZ_CP026473.1	at_nt_shob_ohsc_sr	NaN - rows are merged	blastn	NaN - rows are merged	1240117	1240041	77	1	77	77	4840855
10280bt	Escherichia_coli_strain_KBN10P04869_chromosome_complete_genome	genome	+	NZ_CP026473.1	t_nt_shob_ohsc_sr	NaN - rows are merged	blastn	NaN - rows are merged	1240440	1240520	81	1	81	81	4840855
1405bt	Escherichia_coli_strain_KBN10P04869_chromosome_complete_genome	genome	+	NZ_CP026473.1	t_pro_shob_ohsc_sr	NaN - rows are merged	tblastn	NaN - rows are merged	1240440	1240517	78	1	26	26	4840855
1431bt	Escherichia_coli_strain_KL53_chromosome_complete_genome	genome	-	NZ_CP030919.1	t_pro_shob_ohsc_sr	NaN - rows are merged	tblastn	NaN - rows are merged	2542020	2541943	78	1	26	26	4810511
10279bt	Escherichia_coli_strain_KL53_chromosome_complete_genome	genome	-	NZ_CP030919.1	t_nt_shob_ohsc_sr	NaN - rows are merged	blastn	NaN - rows are merged	2542020	2541940	81	1	81	81	4810511
10210bat	Escherichia_coli_strain_KL53_chromosome_complete_genome	genome	+	NZ_CP030919.1	at_nt_shob_ohsc_sr	NaN - rows are merged	blastn	NaN - rows are merged	2542343	2542419	77	1	77	77	4810511
10278bt	Escherichia_coli_strain_KSC1031_chromosome_complete_genome	genome	-	NZ_CP019560.1	t_nt_shob_ohsc_sr	NaN - rows are merged	blastn	NaN - rows are merged	1948858	1948778	81	1	81	81	4707009
1018bt	Escherichia_coli_strain_KSC1031_chromosome_complete_genome	genome	-	NZ_CP019560.1	t_pro_shob_ohsc_sr	NaN - rows are merged	tblastn	NaN - rows are merged	1948858	1948781	78	1	26	26	4707009
10209bat	Escherichia_coli_strain_KSC1031_chromosome_complete_genome	genome	+	NZ_CP019560.1	at_nt_shob_ohsc_sr	NaN - rows are merged	blastn	NaN - rows are merged	1949181	1949257	77	1	77	77	4707009
1019bt	Escherichia_coli_strain_KSC207_chromosome_complete_genome	genome	-	NZ_CP019558.1	t_pro_shob_ohsc_sr	NaN - rows are merged	tblastn	NaN - rows are merged	280753	280676	78	1	26	26	4706707
10277bt	Escherichia_coli_strain_KSC207_chromosome_complete_genome	genome	-	NZ_CP019558.1	t_nt_shob_ohsc_sr	NaN - rows are merged	blastn	NaN - rows are merged	280753	280673	81	1	81	81	4706707
10208bat	Escherichia_coli_strain_KSC207_chromosome_complete_genome	genome	+	NZ_CP019558.1	at_nt_shob_ohsc_sr	NaN - rows are merged	blastn	NaN - rows are merged	281076	281152	77	1	77	77	4706707
1470bt	Escherichia_coli_strain_KSC64_chromosome_complete_genome	genome	-	NZ_CP018840.1	t_pro_shob_ohsc_sr	NaN - rows are merged	tblastn	NaN - rows are merged	356817	356740	78	1	26	26	4759716
10276bt	Escherichia_coli_strain_KSC64_chromosome_complete_genome	genome	-	NZ_CP018840.1	t_nt_shob_ohsc_sr	NaN - rows are merged	blastn	NaN - rows are merged	356817	356737	81	1	81	81	4759716
10207bat	Escherichia_coli_strain_KSC64_chromosome_complete_genome	genome	+	NZ_CP018840.1	at_nt_shob_ohsc_sr	NaN - rows are merged	blastn	NaN - rows are merged	357140	357216	77	1	77	77	4759716
10275bt	Escherichia_coli_strain_KSC9_chromosome_complete_genome	genome	-	NZ_CP018323.1	t_nt_shob_ohsc_sr	NaN - rows are merged	blastn	NaN - rows are merged	289737	289657	81	1	81	81	4855460
1396bt	Escherichia_coli_strain_KSC9_chromosome_complete_genome	genome	-	NZ_CP018323.1	t_pro_shob_ohsc_sr	NaN - rows are merged	tblastn	NaN - rows are merged	289737	289660	78	1	26	26	4855460
10206bat	Escherichia_coli_strain_KSC9_chromosome_complete_genome	genome	+	NZ_CP018323.1	at_nt_shob_ohsc_sr	NaN - rows are merged	blastn	NaN - rows are merged	290060	290136	77	1	77	77	4855460
10285bt	Escherichia_coli_strain_K_12_NEB_5_alpha_chromosome_complete_genome	genome	-	NZ_CP017100.1	t_nt_shob_ohsc_sr	NaN - rows are merged	blastn	NaN - rows are merged	2640797	2640717	81	1	81	81	4583637
10216bat	Escherichia_coli_strain_K_12_NEB_5_alpha_chromosome_complete_genome	genome	+	NZ_CP017100.1	at_nt_shob_ohsc_sr	NaN - rows are merged	blastn	NaN - rows are merged	2641120	2641196	77	1	77	77	4583637
11947bat	Escherichia_coli_strain_K_12_substrain_MG1655_TMP32XR1_complete_genome	genome	-	NZ_CP012869.1	at_nt_shob_ohsc_sr	NaN - rows are merged	blastn	NaN - rows are merged	1941136	1941060	77	1	77	77	4641684
10283bt	Escherichia_coli_strain_K_12_substrain_MG1655_TMP32XR1_complete_genome	genome	+	NZ_CP012869.1	t_nt_shob_ohsc_sr	NaN - rows are merged	blastn	NaN - rows are merged	1941459	1941539	81	1	81	81	4641684
11946bat	Escherichia_coli_strain_K_12_substrain_MG1655_TMP32XR2_complete_genome	genome	-	NZ_CP012870.1	at_nt_shob_ohsc_sr	NaN - rows are merged	blastn	NaN - rows are merged	1941136	1941060	77	1	77	77	4641689
10282bt	Escherichia_coli_strain_K_12_substrain_MG1655_TMP32XR2_complete_genome	genome	+	NZ_CP012870.1	t_nt_shob_ohsc_sr	NaN - rows are merged	blastn	NaN - rows are merged	1941459	1941539	81	1	81	81	4641689
10008bt	Escherichia_coli_strain_K_15KW01_chromosome_complete_genome	genome	-	NZ_CP016358.1	t_nt_shob_ohsc_sr	NaN - rows are merged	blastn	NaN - rows are merged	1205879	1205799	81	1	81	81	5154641
11673bat	Escherichia_coli_strain_K_15KW01_chromosome_complete_genome	genome	+	NZ_CP016358.1	at_nt_shob_ohsc_sr	NaN - rows are merged	blastn	NaN - rows are merged	1206214	1206279	66	1	67	67	5154641
10098bat	Escherichia_coli_strain_L100_chromosome_complete_genome	chromosome	-	NZ_CP034745.1	at_nt_shob_ohsc_sr	NaN - rows are merged	blastn	NaN - rows are merged	1148142	1148066	77	2	66	66	4549801
10905bt	Escherichia_coli_strain_L100_chromosome_complete_genome	chromosome	+	NZ_CP034745.1	t_nt_shob_ohsc_sr	NaN - rows are merged	blastn	NaN - rows are merged	1148465	1148545	81	1	81	81	4549801
1134bt	Escherichia_coli_strain_L100_chromosome_complete_genome	chromosome	+	NZ_CP034745.1	t_pro_shob_ohsc_sr	NaN - rows are merged	tblastn	NaN - rows are merged	1148465	1148542	78	1	26	26	4549801
10097bat	Escherichia_coli_strain_L103_2_chromosome_complete_genome	chromosome	-	NZ_CP034843.1	at_nt_shob_ohsc_sr	NaN - rows are merged	blastn	NaN - rows are merged	1221938	1221862	77	2	66	66	4773616
10904bt	Escherichia_coli_strain_L103_2_chromosome_complete_genome	chromosome	+	NZ_CP034843.1	t_nt_shob_ohsc_sr	NaN - rows are merged	blastn	NaN - rows are merged	1222261	1222341	81	1	81	81	4773616
110bt	Escherichia_coli_strain_L103_2_chromosome_complete_genome	chromosome	+	NZ_CP034843.1	t_pro_shob_ohsc_sr	NaN - rows are merged	tblastn	NaN - rows are merged	1222261	1222338	78	1	26	26	4773616
10274bt	Escherichia_coli_strain_L37_chromosome_complete_genome	genome	-	NZ_CP034589.1	t_nt_shob_ohsc_sr	NaN - rows are merged	blastn	NaN - rows are merged	3542824	3542744	81	1	81	81	4546245
10205bat	Escherichia_coli_strain_L37_chromosome_complete_genome	genome	+	NZ_CP034589.1	at_nt_shob_ohsc_sr	NaN - rows are merged	blastn	NaN - rows are merged	3543147	3543223	77	1	77	77	4546245
10096bat	Escherichia_coli_strain_L41_1_chromosome_complete_genome	chromosome	-	NZ_CP034727.1	at_nt_shob_ohsc_sr	NaN - rows are merged	blastn	NaN - rows are merged	1148142	1148066	77	2	66	66	4549802
10903bt	Escherichia_coli_strain_L41_1_chromosome_complete_genome	chromosome	+	NZ_CP034727.1	t_nt_shob_ohsc_sr	NaN - rows are merged	blastn	NaN - rows are merged	1148465	1148545	81	1	81	81	4549802
1133bt	Escherichia_coli_strain_L41_1_chromosome_complete_genome	chromosome	+	NZ_CP034727.1	t_pro_shob_ohsc_sr	NaN - rows are merged	tblastn	NaN - rows are merged	1148465	1148542	78	1	26	26	4549802
10095bat	Escherichia_coli_strain_L53_chromosome_complete_genome	chromosome	-	NZ_CP034734.1	at_nt_shob_ohsc_sr	NaN - rows are merged	blastn	NaN - rows are merged	1123978	1123902	77	2	66	66	4547041
1135bt	Escherichia_coli_strain_L53_chromosome_complete_genome	chromosome	+	NZ_CP034734.1	t_pro_shob_ohsc_sr	NaN - rows are merged	tblastn	NaN - rows are merged	1124301	1124378	78	1	26	26	4547041
10902bt	Escherichia_coli_strain_L53_chromosome_complete_genome	chromosome	+	NZ_CP034734.1	t_nt_shob_ohsc_sr	NaN - rows are merged	blastn	NaN - rows are merged	1124301	1124381	81	1	81	81	4547041
10273bt	Escherichia_coli_strain_L65_chromosome_complete_genome	genome	-	NZ_CP034738.1	t_nt_shob_ohsc_sr	NaN - rows are merged	blastn	NaN - rows are merged	1903098	1903018	81	1	81	81	4776769
1463bt	Escherichia_coli_strain_L65_chromosome_complete_genome	genome	-	NZ_CP034738.1	t_pro_shob_ohsc_sr	NaN - rows are merged	tblastn	NaN - rows are merged	1903098	1903021	78	1	26	26	4776769
10204bat	Escherichia_coli_strain_L65_chromosome_complete_genome	genome	+	NZ_CP034738.1	at_nt_shob_ohsc_sr	NaN - rows are merged	blastn	NaN - rows are merged	1903421	1903497	77	1	77	77	4776769
11936bat	Escherichia_coli_strain_L725_chromosome_complete_genome	genome	-	NZ_CP036202.1	at_nt_shob_ohsc_sr	NaN - rows are merged	blastn	NaN - rows are merged	2707288	2707212	77	1	77	77	4834354
10272bt	Escherichia_coli_strain_L725_chromosome_complete_genome	genome	+	NZ_CP036202.1	t_nt_shob_ohsc_sr	NaN - rows are merged	blastn	NaN - rows are merged	2707611	2707691	81	1	81	81	4834354
1412bt	Escherichia_coli_strain_L725_chromosome_complete_genome	genome	+	NZ_CP036202.1	t_pro_shob_ohsc_sr	NaN - rows are merged	tblastn	NaN - rows are merged	2707611	2707688	78	1	26	26	4834354
11935bat	Escherichia_coli_strain_L73_chromosome_complete_genome	genome	-	NZ_CP033378.1	at_nt_shob_ohsc_sr	NaN - rows are merged	blastn	NaN - rows are merged	1225893	1225817	77	1	77	77	4849006
1399bt	Escherichia_coli_strain_L73_chromosome_complete_genome	genome	+	NZ_CP033378.1	t_pro_shob_ohsc_sr	NaN - rows are merged	tblastn	NaN - rows are merged	1226216	1226293	78	1	26	26	4849006
10271bt	Escherichia_coli_strain_L73_chromosome_complete_genome	genome	+	NZ_CP033378.1	t_nt_shob_ohsc_sr	NaN - rows are merged	blastn	NaN - rows are merged	1226216	1226296	81	1	81	81	4849006
10270bt	Escherichia_coli_strain_LIM_chromosome_complete_genome	genome	-	NZ_CP026027.1	t_nt_shob_ohsc_sr	NaN - rows are merged	blastn	NaN - rows are merged	2694411	2694331	81	1	81	81	4624968
10201bat	Escherichia_coli_strain_LIM_chromosome_complete_genome	genome	+	NZ_CP026027.1	at_nt_shob_ohsc_sr	NaN - rows are merged	blastn	NaN - rows are merged	2694734	2694810	77	1	77	77	4624968
13326bat	Escherichia_coli_strain_LS4_chromosome_complete_genome	genome	-	NZ_CP024717.1	at_nt_shob_ohsc_sr	NaN - rows are merged	blastn	NaN - rows are merged	3862884	3862819	66	1	66	66	5196956
10007bt	Escherichia_coli_strain_LS4_chromosome_complete_genome	genome	+	NZ_CP024717.1	t_nt_shob_ohsc_sr	NaN - rows are merged	blastn	NaN - rows are merged	3863219	3863299	81	1	81	81	5196956
10269bt	Escherichia_coli_strain_M10_complete_genome	genome	-	NZ_CP010200.1	t_nt_shob_ohsc_sr	NaN - rows are merged	blastn	NaN - rows are merged	1199017	1198937	81	1	81	81	4821620
1421bt	Escherichia_coli_strain_M10_complete_genome	genome	-	NZ_CP010200.1	t_pro_shob_ohsc_sr	NaN - rows are merged	tblastn	NaN - rows are merged	1199017	1198940	78	1	26	26	4821620
10200bat	Escherichia_coli_strain_M10_complete_genome	genome	+	NZ_CP010200.1	at_nt_shob_ohsc_sr	NaN - rows are merged	blastn	NaN - rows are merged	1199340	1199416	77	1	77	77	4821620
11932bat	Escherichia_coli_strain_M11_complete_genome	genome	-	NZ_CP010206.1	at_nt_shob_ohsc_sr	NaN - rows are merged	blastn	NaN - rows are merged	556676	556600	77	1	77	77	5032791
10268bt	Escherichia_coli_strain_M11_complete_genome	genome	+	NZ_CP010206.1	t_nt_shob_ohsc_sr	NaN - rows are merged	blastn	NaN - rows are merged	556999	557079	81	1	81	81	5032791
1286bt	Escherichia_coli_strain_M11_complete_genome	genome	+	NZ_CP010206.1	t_pro_shob_ohsc_sr	NaN - rows are merged	tblastn	NaN - rows are merged	556999	557076	78	1	26	26	5032791
11931bat	Escherichia_coli_strain_M15_complete_genome	genome	-	NZ_CP010213.1	at_nt_shob_ohsc_sr	NaN - rows are merged	blastn	NaN - rows are merged	1340828	1340752	77	1	77	77	5103562
10267bt	Escherichia_coli_strain_M15_complete_genome	genome	+	NZ_CP010213.1	t_nt_shob_ohsc_sr	NaN - rows are merged	blastn	NaN - rows are merged	1341151	1341231	81	1	81	81	5103562
1251bt	Escherichia_coli_strain_M15_complete_genome	genome	+	NZ_CP010213.1	t_pro_shob_ohsc_sr	NaN - rows are merged	tblastn	NaN - rows are merged	1341151	1341228	78	1	26	26	5103562
13074bat	Escherichia_coli_strain_M160133_chromosome_complete_genome	genome	-	NZ_CP022164.1	at_nt_shob_ohsc_sr	NaN - rows are merged	blastn	NaN - rows are merged	1281103	1281037	67	1	66	66	4957100
10088bt	Escherichia_coli_strain_M160133_chromosome_complete_genome	genome	+	NZ_CP022164.1	t_nt_shob_ohsc_sr	NaN - rows are merged	blastn	NaN - rows are merged	1281438	1281518	81	1	81	81	4957100
13325bat	Escherichia_coli_strain_M16807_chromosome_complete_genome	genome	-	NZ_CP031256.1	at_nt_shob_ohsc_sr	NaN - rows are merged	blastn	NaN - rows are merged	1798797	1798732	66	1	66	66	5133477
10006bt	Escherichia_coli_strain_M16807_chromosome_complete_genome	genome	+	NZ_CP031256.1	t_nt_shob_ohsc_sr	NaN - rows are merged	blastn	NaN - rows are merged	1799132	1799212	81	1	81	81	5133477
10266bt	Escherichia_coli_strain_M18_complete_genome	genome	-	NZ_CP010219.1	t_nt_shob_ohsc_sr	NaN - rows are merged	blastn	NaN - rows are merged	1512138	1512058	81	1	81	81	5102554
1253bt	Escherichia_coli_strain_M18_complete_genome	genome	-	NZ_CP010219.1	t_pro_shob_ohsc_sr	NaN - rows are merged	tblastn	NaN - rows are merged	1512138	1512061	78	1	26	26	5102554
10197bat	Escherichia_coli_strain_M18_complete_genome	genome	+	NZ_CP010219.1	at_nt_shob_ohsc_sr	NaN - rows are merged	blastn	NaN - rows are merged	1512461	1512537	77	1	77	77	5102554
11929bat	Escherichia_coli_strain_M19_complete_genome	genome	-	NZ_CP010221.1	at_nt_shob_ohsc_sr	NaN - rows are merged	blastn	NaN - rows are merged	547117	547041	77	1	77	77	5102172
10265bt	Escherichia_coli_strain_M19_complete_genome	genome	+	NZ_CP010221.1	t_nt_shob_ohsc_sr	NaN - rows are merged	blastn	NaN - rows are merged	547440	547520	81	1	81	81	5102172
1254bt	Escherichia_coli_strain_M19_complete_genome	genome	+	NZ_CP010221.1	t_pro_shob_ohsc_sr	NaN - rows are merged	tblastn	NaN - rows are merged	547440	547517	78	1	26	26	5102172
10264bt	Escherichia_coli_strain_M1_complete_genome	genome	-	NZ_CP010180.1	t_nt_shob_ohsc_sr	NaN - rows are merged	blastn	NaN - rows are merged	1522600	1522520	81	1	81	81	4941156
1328bt	Escherichia_coli_strain_M1_complete_genome	genome	-	NZ_CP010180.1	t_pro_shob_ohsc_sr	NaN - rows are merged	tblastn	NaN - rows are merged	1522600	1522523	78	1	26	26	4941156
10195bat	Escherichia_coli_strain_M1_complete_genome	genome	+	NZ_CP010180.1	at_nt_shob_ohsc_sr	NaN - rows are merged	blastn	NaN - rows are merged	1522923	1522999	77	1	77	77	4941156
11927bat	Escherichia_coli_strain_M3_complete_genome	genome	-	NZ_CP010183.1	at_nt_shob_ohsc_sr	NaN - rows are merged	blastn	NaN - rows are merged	3409100	3409024	77	1	77	77	4940434
10263bt	Escherichia_coli_strain_M3_complete_genome	genome	+	NZ_CP010183.1	t_nt_shob_ohsc_sr	NaN - rows are merged	blastn	NaN - rows are merged	3409423	3409503	81	1	81	81	4940434
1329bt	Escherichia_coli_strain_M3_complete_genome	genome	+	NZ_CP010183.1	t_pro_shob_ohsc_sr	NaN - rows are merged	tblastn	NaN - rows are merged	3409423	3409500	78	1	26	26	4940434
10262bt	Escherichia_coli_strain_M6_complete_genome	genome	-	NZ_CP010186.1	t_nt_shob_ohsc_sr	NaN - rows are merged	blastn	NaN - rows are merged	2654570	2654490	81	1	81	81	5146228
1233bt	Escherichia_coli_strain_M6_complete_genome	genome	-	NZ_CP010186.1	t_pro_shob_ohsc_sr	NaN - rows are merged	tblastn	NaN - rows are merged	2654570	2654493	78	1	26	26	5146228
10193bat	Escherichia_coli_strain_M6_complete_genome	genome	+	NZ_CP010186.1	at_nt_shob_ohsc_sr	NaN - rows are merged	blastn	NaN - rows are merged	2654893	2654969	77	1	77	77	5146228
11925bat	Escherichia_coli_strain_M8_complete_genome	genome	-	NZ_CP010191.1	at_nt_shob_ohsc_sr	NaN - rows are merged	blastn	NaN - rows are merged	2754464	2754388	77	1	77	77	4803944
1439bt	Escherichia_coli_strain_M8_complete_genome	genome	+	NZ_CP010191.1	t_pro_shob_ohsc_sr	NaN - rows are merged	tblastn	NaN - rows are merged	2754787	2754864	78	1	26	26	4803944
10261bt	Escherichia_coli_strain_M8_complete_genome	genome	+	NZ_CP010191.1	t_nt_shob_ohsc_sr	NaN - rows are merged	blastn	NaN - rows are merged	2754787	2754867	81	1	81	81	4803944
10260bt	Escherichia_coli_strain_M9_complete_genome	genome	-	NZ_CP010196.1	t_nt_shob_ohsc_sr	NaN - rows are merged	blastn	NaN - rows are merged	2654109	2654029	81	1	81	81	5145749
1234bt	Escherichia_coli_strain_M9_complete_genome	genome	-	NZ_CP010196.1	t_pro_shob_ohsc_sr	NaN - rows are merged	tblastn	NaN - rows are merged	2654109	2654032	78	1	26	26	5145749
10191bat	Escherichia_coli_strain_M9_complete_genome	genome	+	NZ_CP010196.1	at_nt_shob_ohsc_sr	NaN - rows are merged	blastn	NaN - rows are merged	2654432	2654508	77	1	77	77	5145749
13322bat	Escherichia_coli_strain_MCJCHV_1_chromosome_complete_genome	genome	-	NZ_CP030111.1	at_nt_shob_ohsc_sr	NaN - rows are merged	blastn	NaN - rows are merged	1286075	1286010	66	1	66	66	4939457
10259bt	Escherichia_coli_strain_MCJCHV_1_chromosome_complete_genome	genome	+	NZ_CP030111.1	t_nt_shob_ohsc_sr	NaN - rows are merged	blastn	NaN - rows are merged	1286410	1286490	81	1	81	81	4939457
1330bt	Escherichia_coli_strain_MCJCHV_1_chromosome_complete_genome	genome	+	NZ_CP030111.1	t_pro_shob_ohsc_sr	NaN - rows are merged	tblastn	NaN - rows are merged	1286410	1286487	78	1	26	26	4939457
12766bt	Escherichia_coli_strain_MDR_56_chromosome_complete_genome	genome	-	NZ_CP019903.1	t_nt_shob_ohsc_sr	NaN - rows are merged	blastn	NaN - rows are merged	4698754	4698674	81	1	81	81	4978170
11585bat	Escherichia_coli_strain_MDR_56_chromosome_complete_genome	genome	+	NZ_CP019903.1	at_nt_shob_ohsc_sr	NaN - rows are merged	blastn	NaN - rows are merged	4699089	4699155	67	1	67	67	4978170
10258bt	Escherichia_coli_strain_ME8067_chromosome_complete_genome	genome	-	NZ_CP028703.1	t_nt_shob_ohsc_sr	NaN - rows are merged	blastn	NaN - rows are merged	3562236	3562156	81	1	81	81	4614635
10190bat	Escherichia_coli_strain_ME8067_chromosome_complete_genome	genome	+	NZ_CP028703.1	at_nt_shob_ohsc_sr	NaN - rows are merged	blastn	NaN - rows are merged	3562559	3562635	77	1	77	77	4614635
10257bt	Escherichia_coli_strain_MGY_chromosome_complete_genome	genome	-	NZ_CP019629.1	t_nt_shob_ohsc_sr	NaN - rows are merged	blastn	NaN - rows are merged	2701793	2701713	81	1	81	81	4643284
10189bat	Escherichia_coli_strain_MGY_chromosome_complete_genome	genome	+	NZ_CP019629.1	at_nt_shob_ohsc_sr	NaN - rows are merged	blastn	NaN - rows are merged	2702116	2702192	77	1	77	77	4643284
10256bt	Escherichia_coli_strain_ML35_chromosome_complete_genome	genome	-	NZ_CP025747.1	t_nt_shob_ohsc_sr	NaN - rows are merged	blastn	NaN - rows are merged	3686721	3686641	81	1	81	81	4918774
1344bt	Escherichia_coli_strain_ML35_chromosome_complete_genome	genome	-	NZ_CP025747.1	t_pro_shob_ohsc_sr	NaN - rows are merged	tblastn	NaN - rows are merged	3686721	3686644	78	1	26	26	4918774
10188bat	Escherichia_coli_strain_ML35_chromosome_complete_genome	genome	+	NZ_CP025747.1	at_nt_shob_ohsc_sr	NaN - rows are merged	blastn	NaN - rows are merged	3687044	3687120	77	1	77	77	4918774
10005bt	Escherichia_coli_strain_MNCRE44_complete_genome	genome	-	NZ_CP010876.1	t_nt_shob_ohsc_sr	NaN - rows are merged	blastn	NaN - rows are merged	2872227	2872147	81	1	81	81	5010884
11669bat	Escherichia_coli_strain_MNCRE44_complete_genome	genome	+	NZ_CP010876.1	at_nt_shob_ohsc_sr	NaN - rows are merged	blastn	NaN - rows are merged	2872562	2872627	66	1	67	67	5010884
11920bat	Escherichia_coli_strain_MRE600_complete_genome	genome	-	NZ_CP014197.1	at_nt_shob_ohsc_sr	NaN - rows are merged	blastn	NaN - rows are merged	1078995	1078919	77	1	77	77	4827745
10255bt	Escherichia_coli_strain_MRE600_complete_genome	genome	+	NZ_CP014197.1	t_nt_shob_ohsc_sr	NaN - rows are merged	blastn	NaN - rows are merged	1079317	1079397	81	1	81	81	4827745
1419bt	Escherichia_coli_strain_MRE600_complete_genome	genome	+	NZ_CP014197.1	t_pro_shob_ohsc_sr	NaN - rows are merged	tblastn	NaN - rows are merged	1079317	1079394	78	1	26	26	4827745
10484bt	Escherichia_coli_strain_MRSN346355_chromosome_complete_genome	genome	-	NZ_CP018121.1	t_nt_shob_ohsc_sr	NaN - rows are merged	blastn	NaN - rows are merged	2839118	2839038	81	1	81	81	4794148
1453bt	Escherichia_coli_strain_MRSN346355_chromosome_complete_genome	genome	-	NZ_CP018121.1	t_pro_shob_ohsc_sr	NaN - rows are merged	tblastn	NaN - rows are merged	2839118	2839041	78	1	26	26	4794148
10580bat	Escherichia_coli_strain_MRSN346355_chromosome_complete_genome	genome	+	NZ_CP018121.1	at_nt_shob_ohsc_sr	NaN - rows are merged	blastn	NaN - rows are merged	2839441	2839517	77	1	76	76	4794148
1448bt	Escherichia_coli_strain_MRSN346595_chromosome_complete_genome	genome	-	NZ_CP018109.1	t_pro_shob_ohsc_sr	NaN - rows are merged	tblastn	NaN - rows are merged	2840190	2840113	78	1	26	26	4796421
10483bt	Escherichia_coli_strain_MRSN346595_chromosome_complete_genome	genome	-	NZ_CP018109.1	t_nt_shob_ohsc_sr	NaN - rows are merged	blastn	NaN - rows are merged	2840190	2840110	81	1	81	81	4796421
10579bat	Escherichia_coli_strain_MRSN346595_chromosome_complete_genome	genome	+	NZ_CP018109.1	at_nt_shob_ohsc_sr	NaN - rows are merged	blastn	NaN - rows are merged	2840513	2840589	77	1	76	76	4796421
10482bt	Escherichia_coli_strain_MRSN346638_chromosome_complete_genome	genome	-	NZ_CP018115.1	t_nt_shob_ohsc_sr	NaN - rows are merged	blastn	NaN - rows are merged	2840190	2840110	81	1	81	81	4798436
1445bt	Escherichia_coli_strain_MRSN346638_chromosome_complete_genome	genome	-	NZ_CP018115.1	t_pro_shob_ohsc_sr	NaN - rows are merged	tblastn	NaN - rows are merged	2840190	2840113	78	1	26	26	4798436
10578bat	Escherichia_coli_strain_MRSN346638_chromosome_complete_genome	genome	+	NZ_CP018115.1	at_nt_shob_ohsc_sr	NaN - rows are merged	blastn	NaN - rows are merged	2840513	2840589	77	1	76	76	4798436
10481bt	Escherichia_coli_strain_MRSN346647_complete_genome	genome	-	NZ_CP018206.1	t_nt_shob_ohsc_sr	NaN - rows are merged	blastn	NaN - rows are merged	3486260	3486180	81	1	81	81	5041399
1282bt	Escherichia_coli_strain_MRSN346647_complete_genome	genome	-	NZ_CP018206.1	t_pro_shob_ohsc_sr	NaN - rows are merged	tblastn	NaN - rows are merged	3486260	3486183	78	1	26	26	5041399
11741bat	Escherichia_coli_strain_MRSN346647_complete_genome	genome	+	NZ_CP018206.1	at_nt_shob_ohsc_sr	NaN - rows are merged	blastn	NaN - rows are merged	3486583	3486659	77	1	77	77	5041399
1452bt	Escherichia_coli_strain_MRSN352231_chromosome_complete_genome	genome	-	NZ_CP018103.1	t_pro_shob_ohsc_sr	NaN - rows are merged	tblastn	NaN - rows are merged	2839118	2839041	78	1	26	26	4794148
10480bt	Escherichia_coli_strain_MRSN352231_chromosome_complete_genome	genome	-	NZ_CP018103.1	t_nt_shob_ohsc_sr	NaN - rows are merged	blastn	NaN - rows are merged	2839118	2839038	81	1	81	81	4794148
10577bat	Escherichia_coli_strain_MRSN352231_chromosome_complete_genome	genome	+	NZ_CP018103.1	at_nt_shob_ohsc_sr	NaN - rows are merged	blastn	NaN - rows are merged	2839441	2839517	77	1	76	76	4794148
12229bat	Escherichia_coli_strain_MS14384_genome_assembly_chromosome_1	genome	-	NZ_LR130562.1	at_nt_shob_ohsc_sr	NaN - rows are merged	blastn	NaN - rows are merged	1286958	1286882	77	1	76	76	5071813
10479bt	Escherichia_coli_strain_MS14384_genome_assembly_chromosome_1	genome	+	NZ_LR130562.1	t_nt_shob_ohsc_sr	NaN - rows are merged	blastn	NaN - rows are merged	1287281	1287361	81	1	81	81	5071813
1268bt	Escherichia_coli_strain_MS14384_genome_assembly_chromosome_1	genome	+	NZ_LR130562.1	t_pro_shob_ohsc_sr	NaN - rows are merged	tblastn	NaN - rows are merged	1287281	1287358	78	1	26	26	5071813
13072bat	Escherichia_coli_strain_MS14385_genome_assembly_chromosome_1	genome	-	NZ_LR130555.1	at_nt_shob_ohsc_sr	NaN - rows are merged	blastn	NaN - rows are merged	1344839	1344773	67	1	66	66	5100178
10087bt	Escherichia_coli_strain_MS14385_genome_assembly_chromosome_1	genome	+	NZ_LR130555.1	t_nt_shob_ohsc_sr	NaN - rows are merged	blastn	NaN - rows are merged	1345174	1345254	81	1	81	81	5100178
11919bat	Escherichia_coli_strain_MS14386_genome_assembly_chromosome_1	genome	-	NZ_LR130552.1	at_nt_shob_ohsc_sr	NaN - rows are merged	blastn	NaN - rows are merged	1258990	1258914	77	1	77	77	4841046
10252bt	Escherichia_coli_strain_MS14386_genome_assembly_chromosome_1	genome	+	NZ_LR130552.1	t_nt_shob_ohsc_sr	NaN - rows are merged	blastn	NaN - rows are merged	1259313	1259393	81	1	81	81	4841046
1404bt	Escherichia_coli_strain_MS14386_genome_assembly_chromosome_1	genome	+	NZ_LR130552.1	t_pro_shob_ohsc_sr	NaN - rows are merged	tblastn	NaN - rows are merged	1259313	1259390	78	1	26	26	4841046
10086bt	Escherichia_coli_strain_MS6198_complete_genome	genome	-	NZ_CP015834.1	t_nt_shob_ohsc_sr	NaN - rows are merged	blastn	NaN - rows are merged	2917624	2917544	81	1	81	81	5176750
11570bat	Escherichia_coli_strain_MS6198_complete_genome	genome	+	NZ_CP015834.1	at_nt_shob_ohsc_sr	NaN - rows are merged	blastn	NaN - rows are merged	2917959	2918025	67	1	67	67	5176750
10004bt	Escherichia_coli_strain_MS7163_chromosome_complete_genome	genome	-	NZ_CP026853.1	t_nt_shob_ohsc_sr	NaN - rows are merged	blastn	NaN - rows are merged	2779720	2779640	81	1	81	81	5074586
11660bat	Escherichia_coli_strain_MS7163_chromosome_complete_genome	genome	+	NZ_CP026853.1	at_nt_shob_ohsc_sr	NaN - rows are merged	blastn	NaN - rows are merged	2780055	2780120	66	1	67	67	5074586
10003bt	Escherichia_coli_strain_MS8345_chromosome_complete_genome	genome	-	NZ_CP025401.1	t_nt_shob_ohsc_sr	NaN - rows are merged	blastn	NaN - rows are merged	2823739	2823659	81	1	81	81	5220976
11659bat	Escherichia_coli_strain_MS8345_chromosome_complete_genome	genome	+	NZ_CP025401.1	at_nt_shob_ohsc_sr	NaN - rows are merged	blastn	NaN - rows are merged	2824074	2824139	66	1	67	67	5220976
11918bat	Escherichia_coli_strain_MT102_chromosome_complete_genome	genome	-	NZ_CP034953.1	at_nt_shob_ohsc_sr	NaN - rows are merged	blastn	NaN - rows are merged	1184125	1184049	77	1	77	77	4548758
10251bt	Escherichia_coli_strain_MT102_chromosome_complete_genome	genome	+	NZ_CP034953.1	t_nt_shob_ohsc_sr	NaN - rows are merged	blastn	NaN - rows are merged	1184448	1184528	81	1	81	81	4548758
10002bt	Escherichia_coli_strain_MVAST0167_complete_genome	genome	-	NZ_CP014492.1	t_nt_shob_ohsc_sr	NaN - rows are merged	blastn	NaN - rows are merged	2647329	2647249	81	1	81	81	4806946
11658bat	Escherichia_coli_strain_MVAST0167_complete_genome	genome	+	NZ_CP014492.1	at_nt_shob_ohsc_sr	NaN - rows are merged	blastn	NaN - rows are merged	2647664	2647729	66	1	67	67	4806946
10042bat	Escherichia_coli_strain_Mt1B1_chromosome	chromosome	-	NZ_CP028714.1	at_nt_shob_ohsc_sr	NaN - rows are merged	blastn	NaN - rows are merged	2207239	2207174	66	13	76	76	5115630
10946bt	Escherichia_coli_strain_Mt1B1_chromosome	chromosome	+	NZ_CP028714.1	t_nt_shob_ohsc_sr	NaN - rows are merged	blastn	NaN - rows are merged	2207574	2207654	81	1	81	81	5115630
1147bt	Escherichia_coli_strain_Mt1B1_chromosome	chromosome	+	NZ_CP028714.1	t_pro_shob_ohsc_sr	NaN - rows are merged	tblastn	NaN - rows are merged	2207574	2207651	78	1	26	26	5115630
13305bat	Escherichia_coli_strain_NADC_5570_86_24_6564_complete_sequence	genome	-	NZ_CP017251.1	at_nt_shob_ohsc_sr	NaN - rows are merged	blastn	NaN - rows are merged	1250607	1250542	66	1	66	66	5466770
10250bt	Escherichia_coli_strain_NADC_5570_86_24_6564_complete_sequence	genome	+	NZ_CP017251.1	t_nt_shob_ohsc_sr	NaN - rows are merged	blastn	NaN - rows are merged	1250942	1251022	81	1	81	81	5466770
107bt	Escherichia_coli_strain_NADC_5570_86_24_6564_complete_sequence	genome	+	NZ_CP017251.1	t_pro_shob_ohsc_sr	NaN - rows are merged	tblastn	NaN - rows are merged	1250942	1251019	78	1	26	26	5466770
13304bat	Escherichia_coli_strain_NADC_5570_86_24_6565_isolate_mutant_chromosome_complete_genome	genome	-	NZ_CP017249.1	at_nt_shob_ohsc_sr	NaN - rows are merged	blastn	NaN - rows are merged	1250565	1250500	66	1	66	66	5467107
10249bt	Escherichia_coli_strain_NADC_5570_86_24_6565_isolate_mutant_chromosome_complete_genome	genome	+	NZ_CP017249.1	t_nt_shob_ohsc_sr	NaN - rows are merged	blastn	NaN - rows are merged	1250900	1250980	81	1	81	81	5467107
106bt	Escherichia_coli_strain_NADC_5570_86_24_6565_isolate_mutant_chromosome_complete_genome	genome	+	NZ_CP017249.1	t_pro_shob_ohsc_sr	NaN - rows are merged	tblastn	NaN - rows are merged	1250900	1250977	78	1	26	26	5467107
1009bt	Escherichia_coli_strain_NCM3722_complete_genome	genome	-	NZ_CP011495.1	t_pro_shob_ohsc_sr	NaN - rows are merged	tblastn	NaN - rows are merged	3940877	3940800	78	1	26	26	4678046
10248bt	Escherichia_coli_strain_NCM3722_complete_genome	genome	-	NZ_CP011495.1	t_nt_shob_ohsc_sr	NaN - rows are merged	blastn	NaN - rows are merged	3940877	3940797	81	1	81	81	4678046
10184bat	Escherichia_coli_strain_NCM3722_complete_genome	genome	+	NZ_CP011495.1	at_nt_shob_ohsc_sr	NaN - rows are merged	blastn	NaN - rows are merged	3941200	3941276	77	1	77	77	4678046
10551bat	Escherichia_coli_strain_NCTC10444_genome_assembly_chromosome_1	genome	-	NZ_LR134092.1	at_nt_shob_ohsc_sr	NaN - rows are merged	blastn	NaN - rows are merged	1324318	1324242	77	1	76	76	5295029
11500bt	Escherichia_coli_strain_NCTC10444_genome_assembly_chromosome_1	genome	+	NZ_LR134092.1	t_nt_shob_ohsc_sr	NaN - rows are merged	blastn	NaN - rows are merged	1324641	1324721	81	1	81	81	5295029
1047bt	Escherichia_coli_strain_NCTC10444_genome_assembly_chromosome_1	genome	+	NZ_LR134092.1	t_pro_shob_ohsc_sr	NaN - rows are merged	tblastn	NaN - rows are merged	1324641	1324718	78	1	26	26	5295029
11915bat	Escherichia_coli_strain_NCTC10537_genome_assembly_chromosome_1	genome	-	NZ_LR134248.1	at_nt_shob_ohsc_sr	NaN - rows are merged	blastn	NaN - rows are merged	1220557	1220481	77	1	77	77	4603981
10247bt	Escherichia_coli_strain_NCTC10537_genome_assembly_chromosome_1	genome	+	NZ_LR134248.1	t_nt_shob_ohsc_sr	NaN - rows are merged	blastn	NaN - rows are merged	1220880	1220960	81	1	81	81	4603981
11914bat	Escherichia_coli_strain_NCTC10973_genome_assembly_chromosome_1	genome	-	NZ_LR134216.1	at_nt_shob_ohsc_sr	NaN - rows are merged	blastn	NaN - rows are merged	1184459	1184383	77	1	77	77	4647667
10246bt	Escherichia_coli_strain_NCTC10973_genome_assembly_chromosome_1	genome	+	NZ_LR134216.1	t_nt_shob_ohsc_sr	NaN - rows are merged	blastn	NaN - rows are merged	1184782	1184862	81	1	81	81	4647667
11913bat	Escherichia_coli_strain_NCTC11023_genome_assembly_chromosome_1	genome	-	NZ_LS483297.1	at_nt_shob_ohsc_sr	NaN - rows are merged	blastn	NaN - rows are merged	1242856	1242780	77	1	77	77	4705041
1021bt	Escherichia_coli_strain_NCTC11023_genome_assembly_chromosome_1	genome	+	NZ_LS483297.1	t_pro_shob_ohsc_sr	NaN - rows are merged	tblastn	NaN - rows are merged	1243179	1243256	78	1	26	26	4705041
11738bat	Escherichia_coli_strain_NCTC11113_genome_assembly_chromosome_1	genome	-	NZ_LR134221.1	at_nt_shob_ohsc_sr	NaN - rows are merged	blastn	NaN - rows are merged	1320150	1320074	77	1	77	77	4972355
10245bt	Escherichia_coli_strain_NCTC11113_genome_assembly_chromosome_1	genome	+	NZ_LR134221.1	t_nt_shob_ohsc_sr	NaN - rows are merged	blastn	NaN - rows are merged	1320473	1320553	81	1	81	81	4972355
1313bt	Escherichia_coli_strain_NCTC11113_genome_assembly_chromosome_1	genome	+	NZ_LR134221.1	t_pro_shob_ohsc_sr	NaN - rows are merged	tblastn	NaN - rows are merged	1320473	1320550	78	1	26	26	4972355
11912bat	Escherichia_coli_strain_NCTC11121_genome_assembly_chromosome_1	genome	-	NZ_LR134220.1	at_nt_shob_ohsc_sr	NaN - rows are merged	blastn	NaN - rows are merged	1233962	1233886	77	1	77	77	4635216
10244bt	Escherichia_coli_strain_NCTC11121_genome_assembly_chromosome_1	genome	+	NZ_LR134220.1	t_nt_shob_ohsc_sr	NaN - rows are merged	blastn	NaN - rows are merged	1234285	1234365	81	1	81	81	4635216
11911bat	Escherichia_coli_strain_NCTC11129_genome_assembly_chromosome_1	genome	-	NZ_LR134222.1	at_nt_shob_ohsc_sr	NaN - rows are merged	blastn	NaN - rows are merged	1194264	1194188	77	1	77	77	5008027
10243bt	Escherichia_coli_strain_NCTC11129_genome_assembly_chromosome_1	genome	+	NZ_LR134222.1	t_nt_shob_ohsc_sr	NaN - rows are merged	blastn	NaN - rows are merged	1194587	1194667	81	1	81	81	5008027
1296bt	Escherichia_coli_strain_NCTC11129_genome_assembly_chromosome_1	genome	+	NZ_LR134222.1	t_pro_shob_ohsc_sr	NaN - rows are merged	tblastn	NaN - rows are merged	1194587	1194664	78	1	26	26	5008027
13296bat	Escherichia_coli_strain_NCTC11151_genome_assembly_chromosome_1	genome	-	NZ_LR134031.1	at_nt_shob_ohsc_sr	NaN - rows are merged	blastn	NaN - rows are merged	1333156	1333091	66	1	66	66	4961426
10001bt	Escherichia_coli_strain_NCTC11151_genome_assembly_chromosome_1	genome	+	NZ_LR134031.1	t_nt_shob_ohsc_sr	NaN - rows are merged	blastn	NaN - rows are merged	1333491	1333571	81	1	81	81	4961426
11910bat	Escherichia_coli_strain_NCTC11476_genome_assembly_chromosome_1	genome	-	NZ_LR134209.1	at_nt_shob_ohsc_sr	NaN - rows are merged	blastn	NaN - rows are merged	1196384	1196308	77	1	77	77	4809759
10242bt	Escherichia_coli_strain_NCTC11476_genome_assembly_chromosome_1	genome	+	NZ_LR134209.1	t_nt_shob_ohsc_sr	NaN - rows are merged	blastn	NaN - rows are merged	1196707	1196787	81	1	81	81	4809759
1435bt	Escherichia_coli_strain_NCTC11476_genome_assembly_chromosome_1	genome	+	NZ_LR134209.1	t_pro_shob_ohsc_sr	NaN - rows are merged	tblastn	NaN - rows are merged	1196707	1196784	78	1	26	26	4809759
11908bat	Escherichia_coli_strain_NCTC12655_genome_assembly_chromosome_1	genome	-	NZ_LR134083.1	at_nt_shob_ohsc_sr	NaN - rows are merged	blastn	NaN - rows are merged	1185271	1185195	77	1	77	77	4757324
1472bt	Escherichia_coli_strain_NCTC12655_genome_assembly_chromosome_1	genome	+	NZ_LR134083.1	t_pro_shob_ohsc_sr	NaN - rows are merged	tblastn	NaN - rows are merged	1185594	1185671	78	1	26	26	4757324
10240bt	Escherichia_coli_strain_NCTC12655_genome_assembly_chromosome_1	genome	+	NZ_LR134083.1	t_nt_shob_ohsc_sr	NaN - rows are merged	blastn	NaN - rows are merged	1185594	1185674	81	1	81	81	4757324
11907bat	Escherichia_coli_strain_NCTC5934_genome_assembly_chromosome_1	genome	-	NZ_LR134191.1	at_nt_shob_ohsc_sr	NaN - rows are merged	blastn	NaN - rows are merged	1200215	1200139	77	1	77	77	4731931
10239bt	Escherichia_coli_strain_NCTC5934_genome_assembly_chromosome_1	genome	+	NZ_LR134191.1	t_nt_shob_ohsc_sr	NaN - rows are merged	blastn	NaN - rows are merged	1200538	1200618	81	1	81	81	4731931
1002bt	Escherichia_coli_strain_NCTC5934_genome_assembly_chromosome_1	genome	+	NZ_LR134191.1	t_pro_shob_ohsc_sr	NaN - rows are merged	tblastn	NaN - rows are merged	1200538	1200615	78	1	26	26	4731931
10237bt	Escherichia_coli_strain_NCTC86_chromosome_complete_genome	genome	-	NZ_CP019778.1	t_nt_shob_ohsc_sr	NaN - rows are merged	blastn	NaN - rows are merged	2971388	2971308	81	1	81	81	5111920
1247bt	Escherichia_coli_strain_NCTC86_chromosome_complete_genome	genome	-	NZ_CP019778.1	t_pro_shob_ohsc_sr	NaN - rows are merged	tblastn	NaN - rows are merged	2971388	2971311	78	1	26	26	5111920
10173bat	Escherichia_coli_strain_NCTC86_chromosome_complete_genome	genome	+	NZ_CP019778.1	at_nt_shob_ohsc_sr	NaN - rows are merged	blastn	NaN - rows are merged	2971711	2971787	77	1	77	77	5111920
11904bat	Escherichia_coli_strain_NCTC9008_genome_assembly_chromosome_1	genome	-	NZ_LR134236.1	at_nt_shob_ohsc_sr	NaN - rows are merged	blastn	NaN - rows are merged	1182530	1182454	77	1	77	77	4757340
10236bt	Escherichia_coli_strain_NCTC9008_genome_assembly_chromosome_1	genome	+	NZ_LR134236.1	t_nt_shob_ohsc_sr	NaN - rows are merged	blastn	NaN - rows are merged	1182853	1182933	81	1	81	81	4757340
1471bt	Escherichia_coli_strain_NCTC9008_genome_assembly_chromosome_1	genome	+	NZ_LR134236.1	t_pro_shob_ohsc_sr	NaN - rows are merged	tblastn	NaN - rows are merged	1182853	1182930	78	1	26	26	4757340
13288bat	Escherichia_coli_strain_NCTC9022_genome_assembly_chromosome_1	genome	-	NZ_LR134237.1	at_nt_shob_ohsc_sr	NaN - rows are merged	blastn	NaN - rows are merged	1362398	1362333	66	1	66	66	5167677
10000bt	Escherichia_coli_strain_NCTC9022_genome_assembly_chromosome_1	genome	+	NZ_LR134237.1	t_nt_shob_ohsc_sr	NaN - rows are merged	blastn	NaN - rows are merged	1362733	1362813	81	1	81	81	5167677
11903bat	Escherichia_coli_strain_NCTC9038_genome_assembly_chromosome_1	genome	-	NZ_LR134082.1	at_nt_shob_ohsc_sr	NaN - rows are merged	blastn	NaN - rows are merged	1198554	1198478	77	1	77	77	4682556
1006bt	Escherichia_coli_strain_NCTC9038_genome_assembly_chromosome_1	genome	+	NZ_LR134082.1	t_pro_shob_ohsc_sr	NaN - rows are merged	tblastn	NaN - rows are merged	1198877	1198954	78	1	26	26	4682556
10235bt	Escherichia_coli_strain_NCTC9038_genome_assembly_chromosome_1	genome	+	NZ_LR134082.1	t_nt_shob_ohsc_sr	NaN - rows are merged	blastn	NaN - rows are merged	1198877	1198957	81	1	81	81	4682556
11902bat	Escherichia_coli_strain_NCTC9040_genome_assembly_chromosome_1	genome	-	NZ_LR134247.1	at_nt_shob_ohsc_sr	NaN - rows are merged	blastn	NaN - rows are merged	1223559	1223483	77	1	77	77	4984892
10234bt	Escherichia_coli_strain_NCTC9040_genome_assembly_chromosome_1	genome	+	NZ_LR134247.1	t_nt_shob_ohsc_sr	NaN - rows are merged	blastn	NaN - rows are merged	1223882	1223962	81	1	81	81	4984892
1305bt	Escherichia_coli_strain_NCTC9040_genome_assembly_chromosome_1	genome	+	NZ_LR134247.1	t_pro_shob_ohsc_sr	NaN - rows are merged	tblastn	NaN - rows are merged	1223882	1223959	78	1	26	26	4984892
11901bat	Escherichia_coli_strain_NCTC9041_genome_assembly_chromosome_1	genome	-	NZ_LR134296.1	at_nt_shob_ohsc_sr	NaN - rows are merged	blastn	NaN - rows are merged	1164905	1164829	77	1	77	77	4693367
10233bt	Escherichia_coli_strain_NCTC9041_genome_assembly_chromosome_1	genome	+	NZ_LR134296.1	t_nt_shob_ohsc_sr	NaN - rows are merged	blastn	NaN - rows are merged	1165228	1165308	81	1	81	81	4693367
1033bt	Escherichia_coli_strain_NCTC9041_genome_assembly_chromosome_1	genome	+	NZ_LR134296.1	t_pro_shob_ohsc_sr	NaN - rows are merged	tblastn	NaN - rows are merged	1165228	1165305	78	1	26	26	4693367
11900bat	Escherichia_coli_strain_NCTC9064_genome_assembly_chromosome_1	genome	-	NZ_LR134315.1	at_nt_shob_ohsc_sr	NaN - rows are merged	blastn	NaN - rows are merged	1183281	1183205	77	1	77	77	4636685
10232bt	Escherichia_coli_strain_NCTC9064_genome_assembly_chromosome_1	genome	+	NZ_LR134315.1	t_nt_shob_ohsc_sr	NaN - rows are merged	blastn	NaN - rows are merged	1183604	1183684	81	1	81	81	4636685
11899bat	Escherichia_coli_strain_NCTC9066_genome_assembly_chromosome_1	genome	-	NZ_LR134000.1	at_nt_shob_ohsc_sr	NaN - rows are merged	blastn	NaN - rows are merged	1189786	1189710	77	1	77	77	4644134
10231bt	Escherichia_coli_strain_NCTC9066_genome_assembly_chromosome_1	genome	+	NZ_LR134000.1	t_nt_shob_ohsc_sr	NaN - rows are merged	blastn	NaN - rows are merged	1190109	1190189	81	1	81	81	4644134
15303bat	Escherichia_coli_strain_NCTC9080_genome_assembly_chromosome_1	genome	-	NZ_LR134295.1	at_nt_shob_ohsc_sr	NaN - rows are merged	blastn	NaN - rows are merged	1178346	1178270	77	1	77	77	4722738
10230bt	Escherichia_coli_strain_NCTC9080_genome_assembly_chromosome_1	genome	+	NZ_LR134295.1	t_nt_shob_ohsc_sr	NaN - rows are merged	blastn	NaN - rows are merged	1178669	1178749	81	1	81	81	4722738
1005bt	Escherichia_coli_strain_NCTC9080_genome_assembly_chromosome_1	genome	+	NZ_LR134295.1	t_pro_shob_ohsc_sr	NaN - rows are merged	tblastn	NaN - rows are merged	1178669	1178746	78	1	26	26	4722738
11898bat	Escherichia_coli_strain_NCTC9082_genome_assembly_chromosome_1	genome	-	NZ_LR134080.1	at_nt_shob_ohsc_sr	NaN - rows are merged	blastn	NaN - rows are merged	1311800	1311724	77	1	77	77	5030213
1288bt	Escherichia_coli_strain_NCTC9082_genome_assembly_chromosome_1	genome	+	NZ_LR134080.1	t_pro_shob_ohsc_sr	NaN - rows are merged	tblastn	NaN - rows are merged	1312123	1312200	78	1	26	26	5030213
10229bt	Escherichia_coli_strain_NCTC9082_genome_assembly_chromosome_1	genome	+	NZ_LR134080.1	t_nt_shob_ohsc_sr	NaN - rows are merged	blastn	NaN - rows are merged	1312123	1312203	81	1	81	81	5030213
11897bat	Escherichia_coli_strain_NCTC9084_genome_assembly_chromosome_1	genome	-	NZ_LR134075.1	at_nt_shob_ohsc_sr	NaN - rows are merged	blastn	NaN - rows are merged	1159474	1159398	77	1	77	77	4601921
10228bt	Escherichia_coli_strain_NCTC9084_genome_assembly_chromosome_1	genome	+	NZ_LR134075.1	t_nt_shob_ohsc_sr	NaN - rows are merged	blastn	NaN - rows are merged	1159797	1159877	81	1	81	81	4601921
13280bat	Escherichia_coli_strain_NCTC9085_genome_assembly_chromosome_1	genome	-	NZ_LR134078.1	at_nt_shob_ohsc_sr	NaN - rows are merged	blastn	NaN - rows are merged	1317829	1317764	66	1	66	66	4969367
12010bt	Escherichia_coli_strain_NCTC9085_genome_assembly_chromosome_1	genome	+	NZ_LR134078.1	t_nt_shob_ohsc_sr	NaN - rows are merged	blastn	NaN - rows are merged	1318164	1318244	81	1	81	81	4969367
11896bat	Escherichia_coli_strain_NCTC9087_genome_assembly_chromosome_1	genome	-	NZ_LR134231.1	at_nt_shob_ohsc_sr	NaN - rows are merged	blastn	NaN - rows are merged	1152140	1152064	77	1	77	77	4594692
10227bt	Escherichia_coli_strain_NCTC9087_genome_assembly_chromosome_1	genome	+	NZ_LR134231.1	t_nt_shob_ohsc_sr	NaN - rows are merged	blastn	NaN - rows are merged	1152463	1152543	81	1	81	81	4594692
11895bat	Escherichia_coli_strain_NCTC9088_genome_assembly_chromosome_1	genome	-	NZ_LR134226.1	at_nt_shob_ohsc_sr	NaN - rows are merged	blastn	NaN - rows are merged	1204557	1204481	77	1	77	77	4736671
10226bt	Escherichia_coli_strain_NCTC9088_genome_assembly_chromosome_1	genome	+	NZ_LR134226.1	t_nt_shob_ohsc_sr	NaN - rows are merged	blastn	NaN - rows are merged	1204880	1204960	81	1	81	81	4736671
1484bt	Escherichia_coli_strain_NCTC9088_genome_assembly_chromosome_1	genome	+	NZ_LR134226.1	t_pro_shob_ohsc_sr	NaN - rows are merged	tblastn	NaN - rows are merged	1204880	1204957	78	1	26	26	4736671
11894bat	Escherichia_coli_strain_NCTC9100_genome_assembly_chromosome_1	genome	-	NZ_LR134239.1	at_nt_shob_ohsc_sr	NaN - rows are merged	blastn	NaN - rows are merged	1185445	1185369	77	1	77	77	4532589
10225bt	Escherichia_coli_strain_NCTC9100_genome_assembly_chromosome_1	genome	+	NZ_LR134239.1	t_nt_shob_ohsc_sr	NaN - rows are merged	blastn	NaN - rows are merged	1185768	1185848	81	1	81	81	4532589
11893bat	Escherichia_coli_strain_NCTC9102_genome_assembly_chromosome_1	genome	-	NZ_LR134227.1	at_nt_shob_ohsc_sr	NaN - rows are merged	blastn	NaN - rows are merged	1160794	1160718	77	1	77	77	4573055
10224bt	Escherichia_coli_strain_NCTC9102_genome_assembly_chromosome_1	genome	+	NZ_LR134227.1	t_nt_shob_ohsc_sr	NaN - rows are merged	blastn	NaN - rows are merged	1161117	1161197	81	1	81	81	4573055
11892bat	Escherichia_coli_strain_NCTC9104_genome_assembly_chromosome_1	genome	-	NZ_LR134152.1	at_nt_shob_ohsc_sr	NaN - rows are merged	blastn	NaN - rows are merged	1203016	1202940	77	1	77	77	4692996
10223bt	Escherichia_coli_strain_NCTC9104_genome_assembly_chromosome_1	genome	+	NZ_LR134152.1	t_nt_shob_ohsc_sr	NaN - rows are merged	blastn	NaN - rows are merged	1203339	1203419	81	1	81	81	4692996
1034bt	Escherichia_coli_strain_NCTC9104_genome_assembly_chromosome_1	genome	+	NZ_LR134152.1	t_pro_shob_ohsc_sr	NaN - rows are merged	tblastn	NaN - rows are merged	1203339	1203416	78	1	26	26	4692996
11891bat	Escherichia_coli_strain_NCTC9107_genome_assembly_chromosome_1	genome	-	NZ_LR134240.1	at_nt_shob_ohsc_sr	NaN - rows are merged	blastn	NaN - rows are merged	1215867	1215791	77	1	77	77	4742976
10222bt	Escherichia_coli_strain_NCTC9107_genome_assembly_chromosome_1	genome	+	NZ_LR134240.1	t_nt_shob_ohsc_sr	NaN - rows are merged	blastn	NaN - rows are merged	1216190	1216270	81	1	81	81	4742976
1480bt	Escherichia_coli_strain_NCTC9107_genome_assembly_chromosome_1	genome	+	NZ_LR134240.1	t_pro_shob_ohsc_sr	NaN - rows are merged	tblastn	NaN - rows are merged	1216190	1216267	78	1	26	26	4742976
10550bat	Escherichia_coli_strain_NCTC9112_genome_assembly_chromosome_1	genome	-	NZ_LR134079.1	at_nt_shob_ohsc_sr	NaN - rows are merged	blastn	NaN - rows are merged	1391687	1391611	77	1	76	76	5468700
11499bt	Escherichia_coli_strain_NCTC9112_genome_assembly_chromosome_1	genome	+	NZ_LR134079.1	t_nt_shob_ohsc_sr	NaN - rows are merged	blastn	NaN - rows are merged	1392010	1392090	81	1	81	81	5468700
1041bt	Escherichia_coli_strain_NCTC9112_genome_assembly_chromosome_1	genome	+	NZ_LR134079.1	t_pro_shob_ohsc_sr	NaN - rows are merged	tblastn	NaN - rows are merged	1392010	1392087	78	1	26	26	5468700
11889bat	Escherichia_coli_strain_NCTC9113_genome_assembly_chromosome_1	genome	-	NZ_LR134311.1	at_nt_shob_ohsc_sr	NaN - rows are merged	blastn	NaN - rows are merged	1321900	1321824	77	1	77	77	4853909
10221bt	Escherichia_coli_strain_NCTC9113_genome_assembly_chromosome_1	genome	+	NZ_LR134311.1	t_nt_shob_ohsc_sr	NaN - rows are merged	blastn	NaN - rows are merged	1322223	1322303	81	1	81	81	4853909
1398bt	Escherichia_coli_strain_NCTC9113_genome_assembly_chromosome_1	genome	+	NZ_LR134311.1	t_pro_shob_ohsc_sr	NaN - rows are merged	tblastn	NaN - rows are merged	1322223	1322300	78	1	26	26	4853909
11888bat	Escherichia_coli_strain_NCTC9699_genome_assembly_chromosome_1	genome	-	NZ_LR134228.1	at_nt_shob_ohsc_sr	NaN - rows are merged	blastn	NaN - rows are merged	1283088	1283012	77	1	77	77	4969847
10220bt	Escherichia_coli_strain_NCTC9699_genome_assembly_chromosome_1	genome	+	NZ_LR134228.1	t_nt_shob_ohsc_sr	NaN - rows are merged	blastn	NaN - rows are merged	1283411	1283491	81	1	81	81	4969847
1315bt	Escherichia_coli_strain_NCTC9699_genome_assembly_chromosome_1	genome	+	NZ_LR134228.1	t_pro_shob_ohsc_sr	NaN - rows are merged	tblastn	NaN - rows are merged	1283411	1283488	78	1	26	26	4969847
11887bat	Escherichia_coli_strain_NCTC9966_genome_assembly_chromosome_1	genome	-	NZ_LS483296.1	at_nt_shob_ohsc_sr	NaN - rows are merged	blastn	NaN - rows are merged	1231399	1231323	77	1	77	77	4705297
10219bt	Escherichia_coli_strain_NCTC9966_genome_assembly_chromosome_1	genome	+	NZ_LS483296.1	t_nt_shob_ohsc_sr	NaN - rows are merged	blastn	NaN - rows are merged	1231722	1231802	81	1	81	81	4705297
1020bt	Escherichia_coli_strain_NCTC9966_genome_assembly_chromosome_1	genome	+	NZ_LS483296.1	t_pro_shob_ohsc_sr	NaN - rows are merged	tblastn	NaN - rows are merged	1231722	1231799	78	1	26	26	4705297
11886bat	Escherichia_coli_strain_NCTC9967_genome_assembly_chromosome_1	genome	-	NZ_LS483303.1	at_nt_shob_ohsc_sr	NaN - rows are merged	blastn	NaN - rows are merged	1133800	1133724	77	1	77	77	4648794
10218bt	Escherichia_coli_strain_NCTC9967_genome_assembly_chromosome_1	genome	+	NZ_LS483303.1	t_nt_shob_ohsc_sr	NaN - rows are merged	blastn	NaN - rows are merged	1134123	1134203	81	1	81	81	4648794
10041bat	Escherichia_coli_strain_NCTC_13441_genome_assembly_chromosome_1	chromosome	-	NZ_LT632320.1	at_nt_shob_ohsc_sr	NaN - rows are merged	blastn	NaN - rows are merged	1219778	1219713	66	13	76	76	5174631
10945bt	Escherichia_coli_strain_NCTC_13441_genome_assembly_chromosome_1	chromosome	+	NZ_LT632320.1	t_nt_shob_ohsc_sr	NaN - rows are merged	blastn	NaN - rows are merged	1220113	1220193	81	1	81	81	5174631
1145bt	Escherichia_coli_strain_NCTC_13441_genome_assembly_chromosome_1	chromosome	+	NZ_LT632320.1	t_pro_shob_ohsc_sr	NaN - rows are merged	tblastn	NaN - rows are merged	1220113	1220190	78	1	26	26	5174631
12009bt	Escherichia_coli_strain_NGF1_complete_genome	genome	-	NZ_CP016007.1	t_nt_shob_ohsc_sr	NaN - rows are merged	blastn	NaN - rows are merged	1148127	1148047	81	1	81	81	5026105
11651bat	Escherichia_coli_strain_NGF1_complete_genome	genome	+	NZ_CP016007.1	at_nt_shob_ohsc_sr	NaN - rows are merged	blastn	NaN - rows are merged	1148462	1148527	66	1	67	67	5026105
12007bt	Escherichia_coli_strain_NMEC_O18_complete_genome	genome	-	NZ_CP007275.1	t_nt_shob_ohsc_sr	NaN - rows are merged	blastn	NaN - rows are merged	1961380	1961300	81	1	81	81	5002781
11649bat	Escherichia_coli_strain_NMEC_O18_complete_genome	genome	+	NZ_CP007275.1	at_nt_shob_ohsc_sr	NaN - rows are merged	blastn	NaN - rows are merged	1961715	1961780	66	1	67	67	5002781
12008bt	Escherichia_coli_strain_NissleGFP_pZE21_chromosome_complete_genome	genome	-	NZ_CP035486.1	t_nt_shob_ohsc_sr	NaN - rows are merged	blastn	NaN - rows are merged	2932977	2932897	81	1	81	81	5055966
11650bat	Escherichia_coli_strain_NissleGFP_pZE21_chromosome_complete_genome	genome	+	NZ_CP035486.1	at_nt_shob_ohsc_sr	NaN - rows are merged	blastn	NaN - rows are merged	2933312	2933377	66	1	67	67	5055966
11885bat	Escherichia_coli_strain_O177_H21_chromosome_complete_genome	genome	-	NZ_CP016546.1	at_nt_shob_ohsc_sr	NaN - rows are merged	blastn	NaN - rows are merged	3763143	3763067	77	1	77	77	5134536
10217bt	Escherichia_coli_strain_O177_H21_chromosome_complete_genome	genome	+	NZ_CP016546.1	t_nt_shob_ohsc_sr	NaN - rows are merged	blastn	NaN - rows are merged	3763466	3763546	81	1	81	81	5134536
1238bt	Escherichia_coli_strain_O177_H21_chromosome_complete_genome	genome	+	NZ_CP016546.1	t_pro_shob_ohsc_sr	NaN - rows are merged	tblastn	NaN - rows are merged	3763466	3763543	78	1	26	26	5134536
13265bat	Escherichia_coli_strain_PA20_complete_genome	genome	-	NZ_CP017669.1	at_nt_shob_ohsc_sr	NaN - rows are merged	blastn	NaN - rows are merged	1780175	1780110	66	1	66	66	5525846
10216bt	Escherichia_coli_strain_PA20_complete_genome	genome	+	NZ_CP017669.1	t_nt_shob_ohsc_sr	NaN - rows are merged	blastn	NaN - rows are merged	1780510	1780590	81	1	81	81	5525846
1100bt	Escherichia_coli_strain_PA20_complete_genome	genome	+	NZ_CP017669.1	t_pro_shob_ohsc_sr	NaN - rows are merged	tblastn	NaN - rows are merged	1780510	1780587	78	1	26	26	5525846
12006bt	Escherichia_coli_strain_PA45B_chromosome_complete_genome	genome	-	NZ_CP021288.1	t_nt_shob_ohsc_sr	NaN - rows are merged	blastn	NaN - rows are merged	2799473	2799393	81	1	81	81	5074754
11647bat	Escherichia_coli_strain_PA45B_chromosome_complete_genome	genome	+	NZ_CP021288.1	at_nt_shob_ohsc_sr	NaN - rows are merged	blastn	NaN - rows are merged	2799808	2799873	66	1	67	67	5074754
10215bt	Escherichia_coli_strain_PAR_complete_genome	genome	-	NZ_CP012379.1	t_nt_shob_ohsc_sr	NaN - rows are merged	blastn	NaN - rows are merged	2737034	2736954	81	1	81	81	4859743
1393bt	Escherichia_coli_strain_PAR_complete_genome	genome	-	NZ_CP012379.1	t_pro_shob_ohsc_sr	NaN - rows are merged	tblastn	NaN - rows are merged	2737034	2736957	78	1	26	26	4859743
11646bat	Escherichia_coli_strain_PAR_complete_genome	genome	+	NZ_CP012379.1	at_nt_shob_ohsc_sr	NaN - rows are merged	blastn	NaN - rows are merged	2737369	2737434	66	1	67	67	4859743
1153bt	Escherichia_coli_strain_PPECC42_chromosome_PPECC42_whole_genome_shotgun_sequence	chromosome	-	NZ_CM003707.1	t_pro_shob_ohsc_sr	NaN - rows are merged	tblastn	NaN - rows are merged	2832312	2832235	78	1	26	26	5019692
10938bt	Escherichia_coli_strain_PPECC42_chromosome_PPECC42_whole_genome_shotgun_sequence	chromosome	-	NZ_CM003707.1	t_nt_shob_ohsc_sr	NaN - rows are merged	blastn	NaN - rows are merged	2832312	2832232	81	1	81	81	5019692
10057bat	Escherichia_coli_strain_PPECC42_chromosome_PPECC42_whole_genome_shotgun_sequence	chromosome	+	NZ_CM003707.1	at_nt_shob_ohsc_sr	NaN - rows are merged	blastn	NaN - rows are merged	2832647	2832713	67	1	66	66	5019692
13262bat	Escherichia_coli_strain_PSUO2_complete_genome	genome	-	NZ_CP011915.1	at_nt_shob_ohsc_sr	NaN - rows are merged	blastn	NaN - rows are merged	2189254	2189189	66	1	66	66	4924294
12005bt	Escherichia_coli_strain_PSUO2_complete_genome	genome	+	NZ_CP011915.1	t_nt_shob_ohsc_sr	NaN - rows are merged	blastn	NaN - rows are merged	2189589	2189669	81	1	81	81	4924294
10214bt	Escherichia_coli_strain_RM10466_chromosome_complete_genome	genome	-	NZ_CP028381.1	t_nt_shob_ohsc_sr	NaN - rows are merged	blastn	NaN - rows are merged	2980739	2980659	81	1	81	81	5044460
1279bt	Escherichia_coli_strain_RM10466_chromosome_complete_genome	genome	-	NZ_CP028381.1	t_pro_shob_ohsc_sr	NaN - rows are merged	tblastn	NaN - rows are merged	2980739	2980662	78	1	26	26	5044460
10153bat	Escherichia_coli_strain_RM10466_chromosome_complete_genome	genome	+	NZ_CP028381.1	at_nt_shob_ohsc_sr	NaN - rows are merged	blastn	NaN - rows are merged	2981062	2981138	77	1	77	77	5044460
12720bt	Escherichia_coli_strain_RM14715_chromosome_complete_genome	genome	-	NZ_CP027104.1	t_nt_shob_ohsc_sr	NaN - rows are merged	blastn	NaN - rows are merged	3566773	3566693	81	1	81	81	4825089
11569bat	Escherichia_coli_strain_RM14715_chromosome_complete_genome	genome	+	NZ_CP027104.1	at_nt_shob_ohsc_sr	NaN - rows are merged	blastn	NaN - rows are merged	3567108	3567174	67	1	67	67	4825089
10213bt	Escherichia_coli_strain_RM14721_chromosome_complete_genome	genome	-	NZ_CP027105.1	t_nt_shob_ohsc_sr	NaN - rows are merged	blastn	NaN - rows are merged	3437441	3437361	81	1	81	81	4620018
10152bat	Escherichia_coli_strain_RM14721_chromosome_complete_genome	genome	+	NZ_CP027105.1	at_nt_shob_ohsc_sr	NaN - rows are merged	blastn	NaN - rows are merged	3437764	3437840	77	1	77	77	4620018
12718bt	Escherichia_coli_strain_RM14723_chromosome_complete_genome	genome	-	NZ_CP027103.1	t_nt_shob_ohsc_sr	NaN - rows are merged	blastn	NaN - rows are merged	3489692	3489612	81	1	81	81	4754025
11568bat	Escherichia_coli_strain_RM14723_chromosome_complete_genome	genome	+	NZ_CP027103.1	at_nt_shob_ohsc_sr	NaN - rows are merged	blastn	NaN - rows are merged	3490027	3490093	67	1	67	67	4754025
10212bt	Escherichia_coli_strain_RM9131_chromosome_complete_genome	genome	-	NZ_CP028429.1	t_nt_shob_ohsc_sr	NaN - rows are merged	blastn	NaN - rows are merged	3113453	3113373	81	1	81	81	5238870
1205bt	Escherichia_coli_strain_RM9131_chromosome_complete_genome	genome	-	NZ_CP028429.1	t_pro_shob_ohsc_sr	NaN - rows are merged	tblastn	NaN - rows are merged	3113453	3113376	78	1	26	26	5238870
10151bat	Escherichia_coli_strain_RM9131_chromosome_complete_genome	genome	+	NZ_CP028429.1	at_nt_shob_ohsc_sr	NaN - rows are merged	blastn	NaN - rows are merged	3113776	3113852	77	1	77	77	5238870
1420bt	Escherichia_coli_strain_RM9387_complete_genome	genome	-	NZ_CP009104.1	t_pro_shob_ohsc_sr	NaN - rows are merged	tblastn	NaN - rows are merged	3628897	3628820	78	1	26	26	4827630
10211bt	Escherichia_coli_strain_RM9387_complete_genome	genome	-	NZ_CP009104.1	t_nt_shob_ohsc_sr	NaN - rows are merged	blastn	NaN - rows are merged	3628897	3628817	81	1	81	81	4827630
10150bat	Escherichia_coli_strain_RM9387_complete_genome	genome	+	NZ_CP009104.1	at_nt_shob_ohsc_sr	NaN - rows are merged	blastn	NaN - rows are merged	3629220	3629296	77	1	77	77	4827630
10210bt	Escherichia_coli_strain_RM9975_chromosome_complete_genome	genome	-	NZ_CP028432.1	t_nt_shob_ohsc_sr	NaN - rows are merged	blastn	NaN - rows are merged	3108155	3108075	81	1	81	81	5233637
1207bt	Escherichia_coli_strain_RM9975_chromosome_complete_genome	genome	-	NZ_CP028432.1	t_pro_shob_ohsc_sr	NaN - rows are merged	tblastn	NaN - rows are merged	3108155	3108078	78	1	26	26	5233637
10149bat	Escherichia_coli_strain_RM9975_chromosome_complete_genome	genome	+	NZ_CP028432.1	at_nt_shob_ohsc_sr	NaN - rows are merged	blastn	NaN - rows are merged	3108478	3108554	77	1	77	77	5233637
10209bt	Escherichia_coli_strain_RR1_complete_genome	genome	-	NZ_CP011113.2	t_nt_shob_ohsc_sr	NaN - rows are merged	blastn	NaN - rows are merged	2657044	2656964	81	1	81	81	4587291
10148bat	Escherichia_coli_strain_RR1_complete_genome	genome	+	NZ_CP011113.2	at_nt_shob_ohsc_sr	NaN - rows are merged	blastn	NaN - rows are merged	2657367	2657443	77	1	77	77	4587291
13068bat	Escherichia_coli_strain_RS571_chromosome_complete_genome	genome	-	NZ_CP034389.1	at_nt_shob_ohsc_sr	NaN - rows are merged	blastn	NaN - rows are merged	1297951	1297885	67	1	66	66	5086302
10085bt	Escherichia_coli_strain_RS571_chromosome_complete_genome	genome	+	NZ_CP034389.1	t_nt_shob_ohsc_sr	NaN - rows are merged	blastn	NaN - rows are merged	1298286	1298366	81	1	81	81	5086302
10094bat	Escherichia_coli_strain_RS76_genome	chromosome	-	NZ_CP013048.1	at_nt_shob_ohsc_sr	NaN - rows are merged	blastn	NaN - rows are merged	1567420	1567344	77	2	66	66	4689408
10937bt	Escherichia_coli_strain_RS76_genome	chromosome	+	NZ_CP013048.1	t_nt_shob_ohsc_sr	NaN - rows are merged	blastn	NaN - rows are merged	1567743	1567823	81	1	81	81	4689408
1125bt	Escherichia_coli_strain_RS76_genome	chromosome	+	NZ_CP013048.1	t_pro_shob_ohsc_sr	NaN - rows are merged	tblastn	NaN - rows are merged	1567743	1567820	78	1	26	26	4689408
10901bt	Escherichia_coli_strain_RTdelA_B_UU3_chromosome	chromosome	-	NZ_CP023749.1	t_nt_shob_ohsc_sr	NaN - rows are merged	blastn	NaN - rows are merged	2704669	2704589	81	1	81	81	4644006
1128bt	Escherichia_coli_strain_RTdelA_B_UU3_chromosome	chromosome	-	NZ_CP023749.1	t_pro_shob_ohsc_sr	NaN - rows are merged	tblastn	NaN - rows are merged	2704669	2704592	78	1	26	26	4644006
10001bat	Escherichia_coli_strain_RTdelA_B_UU3_chromosome	chromosome	+	NZ_CP023749.1	at_nt_shob_ohsc_sr	NaN - rows are merged	blastn	NaN - rows are merged	2704992	2705068	77	1	76	76	4644006
11878bat	Escherichia_coli_strain_S10_chromosome_complete_genome	genome	-	NZ_CP010229.1	at_nt_shob_ohsc_sr	NaN - rows are merged	blastn	NaN - rows are merged	2840097	2840021	77	1	77	77	4886210
10208bt	Escherichia_coli_strain_S10_chromosome_complete_genome	genome	+	NZ_CP010229.1	t_nt_shob_ohsc_sr	NaN - rows are merged	blastn	NaN - rows are merged	2840420	2840500	81	1	81	81	4886210
1369bt	Escherichia_coli_strain_S10_chromosome_complete_genome	genome	+	NZ_CP010229.1	t_pro_shob_ohsc_sr	NaN - rows are merged	tblastn	NaN - rows are merged	2840420	2840497	78	1	26	26	4886210
1095bt	Escherichia_coli_strain_S17_13_chromosome	chromosome	-	NZ_CP024997.2	t_pro_shob_ohsc_sr	NaN - rows are merged	tblastn	NaN - rows are merged	3192288	3192211	78	1	26	26	5167254
10900bt	Escherichia_coli_strain_S17_13_chromosome	chromosome	-	NZ_CP024997.2	t_nt_shob_ohsc_sr	NaN - rows are merged	blastn	NaN - rows are merged	3192288	3192208	81	1	81	81	5167254
10000bat	Escherichia_coli_strain_S17_13_chromosome	chromosome	+	NZ_CP024997.2	at_nt_shob_ohsc_sr	NaN - rows are merged	blastn	NaN - rows are merged	3192611	3192687	77	1	76	76	5167254
10899bt	Escherichia_coli_strain_S17_20_chromosome	chromosome	-	NZ_CP025036.2	t_nt_shob_ohsc_sr	NaN - rows are merged	blastn	NaN - rows are merged	4454500	4454420	81	1	81	81	5206389
1093bt	Escherichia_coli_strain_S17_20_chromosome	chromosome	-	NZ_CP025036.2	t_pro_shob_ohsc_sr	NaN - rows are merged	tblastn	NaN - rows are merged	4454500	4454423	78	1	26	26	5206389
10209bat	Escherichia_coli_strain_S17_20_chromosome	chromosome	+	NZ_CP025036.2	at_nt_shob_ohsc_sr	NaN - rows are merged	blastn	NaN - rows are merged	4454823	4454899	77	1	77	77	5206389
11877bat	Escherichia_coli_strain_S1_complete_genome	genome	-	NZ_CP010226.1	at_nt_shob_ohsc_sr	NaN - rows are merged	blastn	NaN - rows are merged	711842	711766	77	1	77	77	4702107
10207bt	Escherichia_coli_strain_S1_complete_genome	genome	+	NZ_CP010226.1	t_nt_shob_ohsc_sr	NaN - rows are merged	blastn	NaN - rows are merged	712165	712245	81	1	81	81	4702107
1023bt	Escherichia_coli_strain_S1_complete_genome	genome	+	NZ_CP010226.1	t_pro_shob_ohsc_sr	NaN - rows are merged	tblastn	NaN - rows are merged	712165	712242	78	1	26	26	4702107
10206bt	Escherichia_coli_strain_S21_complete_genome	genome	-	NZ_CP010230.1	t_nt_shob_ohsc_sr	NaN - rows are merged	blastn	NaN - rows are merged	2166727	2166647	81	1	81	81	4733615
1488bt	Escherichia_coli_strain_S21_complete_genome	genome	-	NZ_CP010230.1	t_pro_shob_ohsc_sr	NaN - rows are merged	tblastn	NaN - rows are merged	2166727	2166650	78	1	26	26	4733615
10145bat	Escherichia_coli_strain_S21_complete_genome	genome	+	NZ_CP010230.1	at_nt_shob_ohsc_sr	NaN - rows are merged	blastn	NaN - rows are merged	2167050	2167126	77	1	77	77	4733615
10205bt	Escherichia_coli_strain_S30_complete_genome	genome	-	NZ_CP010231.1	t_nt_shob_ohsc_sr	NaN - rows are merged	blastn	NaN - rows are merged	2025855	2025775	81	1	81	81	4664102
1014bt	Escherichia_coli_strain_S30_complete_genome	genome	-	NZ_CP010231.1	t_pro_shob_ohsc_sr	NaN - rows are merged	tblastn	NaN - rows are merged	2025855	2025778	78	1	26	26	4664102
10144bat	Escherichia_coli_strain_S30_complete_genome	genome	+	NZ_CP010231.1	at_nt_shob_ohsc_sr	NaN - rows are merged	blastn	NaN - rows are merged	2026178	2026254	77	1	77	77	4664102
11874bat	Escherichia_coli_strain_S3_complete_genome	genome	-	NZ_CP010228.1	at_nt_shob_ohsc_sr	NaN - rows are merged	blastn	NaN - rows are merged	758272	758196	77	1	77	77	4632368
10204bt	Escherichia_coli_strain_S3_complete_genome	genome	+	NZ_CP010228.1	t_nt_shob_ohsc_sr	NaN - rows are merged	blastn	NaN - rows are merged	758595	758675	81	1	81	81	4632368
11873bat	Escherichia_coli_strain_S40_complete_genome	genome	-	NZ_CP010235.1	at_nt_shob_ohsc_sr	NaN - rows are merged	blastn	NaN - rows are merged	1352792	1352716	77	1	77	77	5399183
10203bt	Escherichia_coli_strain_S40_complete_genome	genome	+	NZ_CP010235.1	t_nt_shob_ohsc_sr	NaN - rows are merged	blastn	NaN - rows are merged	1353115	1353195	81	1	81	81	5399183
1154bt	Escherichia_coli_strain_S40_complete_genome	genome	+	NZ_CP010235.1	t_pro_shob_ohsc_sr	NaN - rows are merged	tblastn	NaN - rows are merged	1353115	1353192	78	1	26	26	5399183
10202bt	Escherichia_coli_strain_S42_complete_genome	genome	-	NZ_CP010236.1	t_nt_shob_ohsc_sr	NaN - rows are merged	blastn	NaN - rows are merged	2556754	2556674	81	1	81	81	4838808
1408bt	Escherichia_coli_strain_S42_complete_genome	genome	-	NZ_CP010236.1	t_pro_shob_ohsc_sr	NaN - rows are merged	tblastn	NaN - rows are merged	2556754	2556677	78	1	26	26	4838808
10141bat	Escherichia_coli_strain_S42_complete_genome	genome	+	NZ_CP010236.1	at_nt_shob_ohsc_sr	NaN - rows are merged	blastn	NaN - rows are merged	2557077	2557153	77	1	77	77	4838808
11871bat	Escherichia_coli_strain_S43_complete_genome	genome	-	NZ_CP010237.1	at_nt_shob_ohsc_sr	NaN - rows are merged	blastn	NaN - rows are merged	3082534	3082458	77	1	77	77	5043711
1280bt	Escherichia_coli_strain_S43_complete_genome	genome	+	NZ_CP010237.1	t_pro_shob_ohsc_sr	NaN - rows are merged	tblastn	NaN - rows are merged	3082857	3082934	78	1	26	26	5043711
10201bt	Escherichia_coli_strain_S50_complete_genome	genome	-	NZ_CP010238.1	t_nt_shob_ohsc_sr	NaN - rows are merged	blastn	NaN - rows are merged	707936	707856	81	1	81	81	4797106
1447bt	Escherichia_coli_strain_S50_complete_genome	genome	-	NZ_CP010238.1	t_pro_shob_ohsc_sr	NaN - rows are merged	tblastn	NaN - rows are merged	707936	707859	78	1	26	26	4797106
10139bat	Escherichia_coli_strain_S50_complete_genome	genome	+	NZ_CP010238.1	at_nt_shob_ohsc_sr	NaN - rows are merged	blastn	NaN - rows are merged	708259	708335	77	1	77	77	4797106
11869bat	Escherichia_coli_strain_S51_complete_genome	genome	-	NZ_CP015995.1	at_nt_shob_ohsc_sr	NaN - rows are merged	blastn	NaN - rows are merged	1216234	1216158	77	1	77	77	4994918
10200bt	Escherichia_coli_strain_S51_complete_genome	genome	+	NZ_CP015995.1	t_nt_shob_ohsc_sr	NaN - rows are merged	blastn	NaN - rows are merged	1216557	1216637	81	1	81	81	4994918
1302bt	Escherichia_coli_strain_S51_complete_genome	genome	+	NZ_CP015995.1	t_pro_shob_ohsc_sr	NaN - rows are merged	tblastn	NaN - rows are merged	1216557	1216634	78	1	26	26	4994918
10199bt	Escherichia_coli_strain_S56_complete_genome	genome	-	NZ_CP010242.1	t_nt_shob_ohsc_sr	NaN - rows are merged	blastn	NaN - rows are merged	4708963	4708883	81	1	81	81	4740150
1482bt	Escherichia_coli_strain_S56_complete_genome	genome	-	NZ_CP010242.1	t_pro_shob_ohsc_sr	NaN - rows are merged	tblastn	NaN - rows are merged	4708963	4708886	78	1	26	26	4740150
10137bat	Escherichia_coli_strain_S56_complete_genome	genome	+	NZ_CP010242.1	at_nt_shob_ohsc_sr	NaN - rows are merged	blastn	NaN - rows are merged	4709286	4709362	77	1	77	77	4740150
12004bt	Escherichia_coli_strain_S65EC_chromosome_complete_genome	genome	-	NZ_CP036245.1	t_nt_shob_ohsc_sr	NaN - rows are merged	blastn	NaN - rows are merged	2871457	2871377	81	1	81	81	5187769
11644bat	Escherichia_coli_strain_S65EC_chromosome_complete_genome	genome	+	NZ_CP036245.1	at_nt_shob_ohsc_sr	NaN - rows are merged	blastn	NaN - rows are merged	2871792	2871857	66	1	67	67	5187769
12003bt	Escherichia_coli_strain_SA186_chromosome_complete_genome	genome	-	NZ_CP022730.1	t_nt_shob_ohsc_sr	NaN - rows are merged	blastn	NaN - rows are merged	1183597	1183517	81	1	81	81	4828837
11643bat	Escherichia_coli_strain_SA186_chromosome_complete_genome	genome	+	NZ_CP022730.1	at_nt_shob_ohsc_sr	NaN - rows are merged	blastn	NaN - rows are merged	1183932	1183997	66	1	67	67	4828837
10084bt	Escherichia_coli_strain_SC516_chromosome_complete_genome	genome	-	NZ_CP025048.1	t_nt_shob_ohsc_sr	NaN - rows are merged	blastn	NaN - rows are merged	1418033	1417953	81	1	81	81	4792402
11596bat	Escherichia_coli_strain_SC516_chromosome_complete_genome	genome	+	NZ_CP025048.1	at_nt_shob_ohsc_sr	NaN - rows are merged	blastn	NaN - rows are merged	1418368	1418433	66	1	67	67	4792402
11867bat	Escherichia_coli_strain_SCEC020001_chromosome_complete_genome	genome	-	NZ_CP032426.1	at_nt_shob_ohsc_sr	NaN - rows are merged	blastn	NaN - rows are merged	1356893	1356817	77	1	77	77	4908742
10198bt	Escherichia_coli_strain_SCEC020001_chromosome_complete_genome	genome	+	NZ_CP032426.1	t_nt_shob_ohsc_sr	NaN - rows are merged	blastn	NaN - rows are merged	1357216	1357296	81	1	81	81	4908742
1350bt	Escherichia_coli_strain_SCEC020001_chromosome_complete_genome	genome	+	NZ_CP032426.1	t_pro_shob_ohsc_sr	NaN - rows are merged	tblastn	NaN - rows are merged	1357216	1357293	78	1	26	26	4908742
11866bat	Escherichia_coli_strain_SCEC020007_chromosome_complete_genome	genome	-	NZ_CP025627.1	at_nt_shob_ohsc_sr	NaN - rows are merged	blastn	NaN - rows are merged	1268982	1268906	77	1	77	77	4800548
10197bt	Escherichia_coli_strain_SCEC020007_chromosome_complete_genome	genome	+	NZ_CP025627.1	t_nt_shob_ohsc_sr	NaN - rows are merged	blastn	NaN - rows are merged	1269305	1269385	81	1	81	81	4800548
1442bt	Escherichia_coli_strain_SCEC020007_chromosome_complete_genome	genome	+	NZ_CP025627.1	t_pro_shob_ohsc_sr	NaN - rows are merged	tblastn	NaN - rows are merged	1269305	1269382	78	1	26	26	4800548
11865bat	Escherichia_coli_strain_SCEC020022_chromosome_complete_genome	genome	-	NZ_CP032892.1	at_nt_shob_ohsc_sr	NaN - rows are merged	blastn	NaN - rows are merged	1277269	1277193	77	1	77	77	4894694
10196bt	Escherichia_coli_strain_SCEC020022_chromosome_complete_genome	genome	+	NZ_CP032892.1	t_nt_shob_ohsc_sr	NaN - rows are merged	blastn	NaN - rows are merged	1277592	1277672	81	1	81	81	4894694
1360bt	Escherichia_coli_strain_SCEC020022_chromosome_complete_genome	genome	+	NZ_CP032892.1	t_pro_shob_ohsc_sr	NaN - rows are merged	tblastn	NaN - rows are merged	1277592	1277669	78	1	26	26	4894694
11737bat	Escherichia_coli_strain_SCEC020023_chromosome_complete_genome	genome	-	NZ_CP025950.2	at_nt_shob_ohsc_sr	NaN - rows are merged	blastn	NaN - rows are merged	1275935	1275859	77	1	77	77	4883927
1374bt	Escherichia_coli_strain_SCEC020023_chromosome_complete_genome	genome	+	NZ_CP025950.2	t_pro_shob_ohsc_sr	NaN - rows are merged	tblastn	NaN - rows are merged	1276258	1276335	78	1	26	26	4883927
10478bt	Escherichia_coli_strain_SCEC020023_chromosome_complete_genome	genome	+	NZ_CP025950.2	t_nt_shob_ohsc_sr	NaN - rows are merged	blastn	NaN - rows are merged	1276258	1276338	81	1	81	81	4883927
11864bat	Escherichia_coli_strain_SCEC020026_chromosome_complete_genome	genome	-	NZ_CP034958.1	at_nt_shob_ohsc_sr	NaN - rows are merged	blastn	NaN - rows are merged	1241434	1241358	77	1	77	77	4763166
1468bt	Escherichia_coli_strain_SCEC020026_chromosome_complete_genome	genome	+	NZ_CP034958.1	t_pro_shob_ohsc_sr	NaN - rows are merged	tblastn	NaN - rows are merged	1241757	1241834	78	1	26	26	4763166
10195bt	Escherichia_coli_strain_SCEC020026_chromosome_complete_genome	genome	+	NZ_CP034958.1	t_nt_shob_ohsc_sr	NaN - rows are merged	blastn	NaN - rows are merged	1241757	1241837	81	1	81	81	4763166
100bt	Escherichia_coli_strain_SD134209_chromosome_complete_genome	genome	-	NZ_CP029692.1	t_nt_shob_ohsc_sr	NaN - rows are merged	blastn	NaN - rows are merged	3244866	3244786	81	1	81	81	5359785
1167bt	Escherichia_coli_strain_SD134209_chromosome_complete_genome	genome	-	NZ_CP029692.1	t_pro_shob_ohsc_sr	NaN - rows are merged	tblastn	NaN - rows are merged	3244866	3244789	78	1	26	26	5359785
10132bat	Escherichia_coli_strain_SD134209_chromosome_complete_genome	genome	+	NZ_CP029692.1	at_nt_shob_ohsc_sr	NaN - rows are merged	blastn	NaN - rows are merged	3245189	3245265	77	1	77	77	5359785
10193bt	Escherichia_coli_strain_SEC470_complete_genome	genome	-	NZ_CP007594.1	t_nt_shob_ohsc_sr	NaN - rows are merged	blastn	NaN - rows are merged	2995790	2995710	81	1	81	81	5153435
1231bt	Escherichia_coli_strain_SEC470_complete_genome	genome	-	NZ_CP007594.1	t_pro_shob_ohsc_sr	NaN - rows are merged	tblastn	NaN - rows are merged	2995790	2995713	78	1	26	26	5153435
10131bat	Escherichia_coli_strain_SEC470_complete_genome	genome	+	NZ_CP007594.1	at_nt_shob_ohsc_sr	NaN - rows are merged	blastn	NaN - rows are merged	2996113	2996189	77	1	77	77	5153435
13234bat	Escherichia_coli_strain_SF_088_complete_genome	genome	-	NZ_CP012635.1	at_nt_shob_ohsc_sr	NaN - rows are merged	blastn	NaN - rows are merged	1280628	1280563	66	1	66	66	5048243
12001bt	Escherichia_coli_strain_SF_088_complete_genome	genome	+	NZ_CP012635.1	t_nt_shob_ohsc_sr	NaN - rows are merged	blastn	NaN - rows are merged	1280963	1281043	81	1	81	81	5048243
13233bat	Escherichia_coli_strain_SF_166_complete_genome	genome	-	NZ_CP012633.1	at_nt_shob_ohsc_sr	NaN - rows are merged	blastn	NaN - rows are merged	1330120	1330055	66	1	66	66	4910962
12000bt	Escherichia_coli_strain_SF_166_complete_genome	genome	+	NZ_CP012633.1	t_nt_shob_ohsc_sr	NaN - rows are merged	blastn	NaN - rows are merged	1330455	1330535	81	1	81	81	4910962
13232bat	Escherichia_coli_strain_SF_173_complete_genome	genome	-	NZ_CP012631.1	at_nt_shob_ohsc_sr	NaN - rows are merged	blastn	NaN - rows are merged	1264934	1264869	66	1	66	66	5059732
11999bt	Escherichia_coli_strain_SF_173_complete_genome	genome	+	NZ_CP012631.1	t_nt_shob_ohsc_sr	NaN - rows are merged	blastn	NaN - rows are merged	1265269	1265349	81	1	81	81	5059732
13231bat	Escherichia_coli_strain_SF_468_complete_genome	genome	-	NZ_CP012625.1	at_nt_shob_ohsc_sr	NaN - rows are merged	blastn	NaN - rows are merged	1368073	1368008	66	1	66	66	5142799
11998bt	Escherichia_coli_strain_SF_468_complete_genome	genome	+	NZ_CP012625.1	t_nt_shob_ohsc_sr	NaN - rows are merged	blastn	NaN - rows are merged	1368408	1368488	81	1	81	81	5142799
10044bat	Escherichia_coli_strain_SMN013SH2_chromosome_complete_genome	genome	-	NZ_CP023673.1	at_nt_shob_ohsc_sr	NaN - rows are merged	blastn	NaN - rows are merged	1184558	1184482	77	1	77	77	5143533
1235bt	Escherichia_coli_strain_SMN013SH2_chromosome_complete_genome	genome	+	NZ_CP023673.1	t_pro_shob_ohsc_sr	NaN - rows are merged	tblastn	NaN - rows are merged	1184881	1184958	78	1	26	26	5143533
10191bt	Escherichia_coli_strain_SMN013SH2_chromosome_complete_genome	genome	+	NZ_CP023673.1	t_nt_shob_ohsc_sr	NaN - rows are merged	blastn	NaN - rows are merged	1184881	1184961	81	1	81	81	5143533
10190bt	Escherichia_coli_strain_SMN152SH1_chromosome_complete_genome	genome	-	NZ_CP024618.1	t_nt_shob_ohsc_sr	NaN - rows are merged	blastn	NaN - rows are merged	3683835	3683755	81	1	81	81	5302502
1184bt	Escherichia_coli_strain_SMN152SH1_chromosome_complete_genome	genome	-	NZ_CP024618.1	t_pro_shob_ohsc_sr	NaN - rows are merged	tblastn	NaN - rows are merged	3683835	3683758	78	1	26	26	5302502
10043bat	Escherichia_coli_strain_SMN152SH1_chromosome_complete_genome	genome	+	NZ_CP024618.1	at_nt_shob_ohsc_sr	NaN - rows are merged	blastn	NaN - rows are merged	3684158	3684234	77	1	77	77	5302502
10042bat	Escherichia_coli_strain_SMN197SH3_chromosome_complete_genome	genome	-	NZ_CP024056.1	at_nt_shob_ohsc_sr	NaN - rows are merged	blastn	NaN - rows are merged	1219731	1219655	77	1	77	77	5267207
10189bt	Escherichia_coli_strain_SMN197SH3_chromosome_complete_genome	genome	+	NZ_CP024056.1	t_nt_shob_ohsc_sr	NaN - rows are merged	blastn	NaN - rows are merged	1220054	1220134	81	1	81	81	5267207
1196bt	Escherichia_coli_strain_SMN197SH3_chromosome_complete_genome	genome	+	NZ_CP024056.1	t_pro_shob_ohsc_sr	NaN - rows are merged	tblastn	NaN - rows are merged	1220054	1220131	78	1	26	26	5267207
10188bt	Escherichia_coli_strain_SQ2203_complete_genome	genome	-	NZ_CP011324.1	t_nt_shob_ohsc_sr	NaN - rows are merged	blastn	NaN - rows are merged	2691899	2691819	81	1	81	81	4605301
10130bat	Escherichia_coli_strain_SQ2203_complete_genome	genome	+	NZ_CP011324.1	at_nt_shob_ohsc_sr	NaN - rows are merged	blastn	NaN - rows are merged	2692222	2692298	77	1	77	77	4605301
10187bt	Escherichia_coli_strain_SQ37_complete_genome	genome	-	NZ_CP011320.1	t_nt_shob_ohsc_sr	NaN - rows are merged	blastn	NaN - rows are merged	2697437	2697357	81	1	81	81	4633461
10129bat	Escherichia_coli_strain_SQ37_complete_genome	genome	+	NZ_CP011320.1	at_nt_shob_ohsc_sr	NaN - rows are merged	blastn	NaN - rows are merged	2697760	2697836	77	1	77	77	4633461
10186bt	Escherichia_coli_strain_SQ88_complete_genome	genome	-	NZ_CP011321.1	t_nt_shob_ohsc_sr	NaN - rows are merged	blastn	NaN - rows are merged	2691899	2691819	81	1	81	81	4610881
10128bat	Escherichia_coli_strain_SQ88_complete_genome	genome	+	NZ_CP011321.1	at_nt_shob_ohsc_sr	NaN - rows are merged	blastn	NaN - rows are merged	2692222	2692298	77	1	77	77	4610881
1107bt	Escherichia_coli_strain_SRCC_1675_chromosome_complete_genome	genome	-	NZ_CP015023.1	t_pro_shob_ohsc_sr	NaN - rows are merged	tblastn	NaN - rows are merged	1472574	1472497	78	1	26	26	5506801
10185bt	Escherichia_coli_strain_SRCC_1675_chromosome_complete_genome	genome	-	NZ_CP015023.1	t_nt_shob_ohsc_sr	NaN - rows are merged	blastn	NaN - rows are merged	1472574	1472494	81	1	81	81	5506801
11635bat	Escherichia_coli_strain_SRCC_1675_chromosome_complete_genome	genome	+	NZ_CP015023.1	at_nt_shob_ohsc_sr	NaN - rows are merged	blastn	NaN - rows are merged	1472909	1472974	66	1	67	67	5506801
10184bt	Escherichia_coli_strain_ST2747_complete_genome	genome	-	NZ_CP007394.1	t_nt_shob_ohsc_sr	NaN - rows are merged	blastn	NaN - rows are merged	3485292	3485212	81	1	81	81	5090442
1260bt	Escherichia_coli_strain_ST2747_complete_genome	genome	-	NZ_CP007394.1	t_pro_shob_ohsc_sr	NaN - rows are merged	tblastn	NaN - rows are merged	3485292	3485215	78	1	26	26	5090442
10536bat	Escherichia_coli_strain_ST2747_complete_genome	genome	+	NZ_CP007394.1	at_nt_shob_ohsc_sr	NaN - rows are merged	blastn	NaN - rows are merged	3485615	3485691	77	1	77	77	5090442
10090bat	Escherichia_coli_strain_ST410_chromosome	chromosome	-	NZ_CP029630.1	at_nt_shob_ohsc_sr	NaN - rows are merged	blastn	NaN - rows are merged	2878965	2878889	77	2	66	66	4689576
10898bt	Escherichia_coli_strain_ST410_chromosome	chromosome	+	NZ_CP029630.1	t_nt_shob_ohsc_sr	NaN - rows are merged	blastn	NaN - rows are merged	2879288	2879368	81	1	81	81	4689576
1124bt	Escherichia_coli_strain_ST410_chromosome	chromosome	+	NZ_CP029630.1	t_pro_shob_ohsc_sr	NaN - rows are merged	tblastn	NaN - rows are merged	2879288	2879365	78	1	26	26	4689576
11858bat	Escherichia_coli_strain_ST540_complete_genome	genome	-	NZ_CP007391.1	at_nt_shob_ohsc_sr	NaN - rows are merged	blastn	NaN - rows are merged	1283032	1282956	77	1	77	77	4875682
10183bt	Escherichia_coli_strain_ST540_complete_genome	genome	+	NZ_CP007391.1	t_nt_shob_ohsc_sr	NaN - rows are merged	blastn	NaN - rows are merged	1283355	1283435	81	1	81	81	4875682
1382bt	Escherichia_coli_strain_ST540_complete_genome	genome	+	NZ_CP007391.1	t_pro_shob_ohsc_sr	NaN - rows are merged	tblastn	NaN - rows are merged	1283355	1283432	78	1	26	26	4875682
10083bt	Escherichia_coli_strain_ST648_complete_genome	genome	-	NZ_CP008697.1	t_nt_shob_ohsc_sr	NaN - rows are merged	blastn	NaN - rows are merged	3632308	3632228	81	1	81	81	5056598
11566bat	Escherichia_coli_strain_ST648_complete_genome	genome	+	NZ_CP008697.1	at_nt_shob_ohsc_sr	NaN - rows are merged	blastn	NaN - rows are merged	3632643	3632709	67	1	67	67	5056598
13223bat	Escherichia_coli_strain_STEC299_chromosome_complete_genome	genome	-	NZ_CP022279.1	at_nt_shob_ohsc_sr	NaN - rows are merged	blastn	NaN - rows are merged	1190943	1190878	66	1	66	66	4907118
11996bt	Escherichia_coli_strain_STEC299_chromosome_complete_genome	genome	+	NZ_CP022279.1	t_nt_shob_ohsc_sr	NaN - rows are merged	blastn	NaN - rows are merged	1191278	1191358	81	1	81	81	4907118
10944bt	Escherichia_coli_strain_SYNB1618_chromosome	chromosome	-	NZ_CP031157.1	t_nt_shob_ohsc_sr	NaN - rows are merged	blastn	NaN - rows are merged	2938015	2937935	81	1	81	81	5456795
1141bt	Escherichia_coli_strain_SYNB1618_chromosome	chromosome	-	NZ_CP031157.1	t_pro_shob_ohsc_sr	NaN - rows are merged	tblastn	NaN - rows are merged	2938015	2937938	78	1	26	26	5456795
10065bat	Escherichia_coli_strain_SYNB1618_chromosome	chromosome	+	NZ_CP031157.1	at_nt_shob_ohsc_sr	NaN - rows are merged	blastn	NaN - rows are merged	2938350	2938415	66	1	66	66	5456795
12002bt	Escherichia_coli_strain_SaT040_complete_geome	genome	-	NZ_CP014495.1	t_nt_shob_ohsc_sr	NaN - rows are merged	blastn	NaN - rows are merged	2875407	2875327	81	1	81	81	5061821
11642bat	Escherichia_coli_strain_SaT040_complete_geome	genome	+	NZ_CP014495.1	at_nt_shob_ohsc_sr	NaN - rows are merged	blastn	NaN - rows are merged	2875742	2875807	66	1	67	67	5061821
11994bt	Escherichia_coli_strain_U12A_chromosome_complete_genome	genome	-	NZ_CP035476.1	t_nt_shob_ohsc_sr	NaN - rows are merged	blastn	NaN - rows are merged	2832347	2832267	81	1	81	81	5018242
11631bat	Escherichia_coli_strain_U12A_chromosome_complete_genome	genome	+	NZ_CP035476.1	at_nt_shob_ohsc_sr	NaN - rows are merged	blastn	NaN - rows are merged	2832682	2832747	66	1	67	67	5018242
11993bt	Escherichia_coli_strain_U13A_chromosome_complete_genome	genome	-	NZ_CP035477.1	t_nt_shob_ohsc_sr	NaN - rows are merged	blastn	NaN - rows are merged	2831569	2831489	81	1	81	81	5061273
11630bat	Escherichia_coli_strain_U13A_chromosome_complete_genome	genome	+	NZ_CP035477.1	at_nt_shob_ohsc_sr	NaN - rows are merged	blastn	NaN - rows are merged	2831904	2831969	66	1	67	67	5061273
11992bt	Escherichia_coli_strain_U14A_chromosome_complete_genome	genome	-	NZ_CP035516.1	t_nt_shob_ohsc_sr	NaN - rows are merged	blastn	NaN - rows are merged	2831569	2831489	81	1	81	81	5061272
11629bat	Escherichia_coli_strain_U14A_chromosome_complete_genome	genome	+	NZ_CP035516.1	at_nt_shob_ohsc_sr	NaN - rows are merged	blastn	NaN - rows are merged	2831904	2831969	66	1	67	67	5061272
11991bt	Escherichia_coli_strain_U15A_chromosome_complete_genome	genome	-	NZ_CP035720.1	t_nt_shob_ohsc_sr	NaN - rows are merged	blastn	NaN - rows are merged	2833099	2833019	81	1	81	81	4928938
11628bat	Escherichia_coli_strain_U15A_chromosome_complete_genome	genome	+	NZ_CP035720.1	at_nt_shob_ohsc_sr	NaN - rows are merged	blastn	NaN - rows are merged	2833434	2833499	66	1	67	67	4928938
10897bt	Escherichia_coli_strain_UFU_EC98_chromosome	chromosome	-	NZ_CP024092.1	t_nt_shob_ohsc_sr	NaN - rows are merged	blastn	NaN - rows are merged	3795808	3795728	81	1	81	81	4849850
103bt	Escherichia_coli_strain_UFU_EC98_chromosome	chromosome	-	NZ_CP024092.1	t_pro_shob_ohsc_sr	NaN - rows are merged	tblastn	NaN - rows are merged	3795808	3795731	78	1	26	26	4849850
10207bat	Escherichia_coli_strain_UFU_EC98_chromosome	chromosome	+	NZ_CP024092.1	at_nt_shob_ohsc_sr	NaN - rows are merged	blastn	NaN - rows are merged	3796131	3796207	77	1	77	77	4849850
11856bat	Escherichia_coli_strain_UK_Dog_Liverpool_chromosome_complete_genome	genome	-	NZ_CP031653.1	at_nt_shob_ohsc_sr	NaN - rows are merged	blastn	NaN - rows are merged	1332305	1332229	77	1	77	77	4869482
10181bt	Escherichia_coli_strain_UK_Dog_Liverpool_chromosome_complete_genome	genome	+	NZ_CP031653.1	t_nt_shob_ohsc_sr	NaN - rows are merged	blastn	NaN - rows are merged	1332628	1332708	81	1	81	81	4869482
1386bt	Escherichia_coli_strain_UK_Dog_Liverpool_chromosome_complete_genome	genome	+	NZ_CP031653.1	t_pro_shob_ohsc_sr	NaN - rows are merged	tblastn	NaN - rows are merged	1332628	1332705	78	1	26	26	4869482
13214bat	Escherichia_coli_strain_UPEC_26_1_chromosome_complete_genome	genome	-	NZ_CP016497.1	at_nt_shob_ohsc_sr	NaN - rows are merged	blastn	NaN - rows are merged	5125385	5125320	66	1	66	66	5178720
11989bt	Escherichia_coli_strain_UPEC_26_1_chromosome_complete_genome	genome	+	NZ_CP016497.1	t_nt_shob_ohsc_sr	NaN - rows are merged	blastn	NaN - rows are merged	5125720	5125800	81	1	81	81	5178720
11855bat	Escherichia_coli_strain_USML2_complete_genome	genome	-	NZ_CP011124.1	at_nt_shob_ohsc_sr	NaN - rows are merged	blastn	NaN - rows are merged	2178807	2178731	77	1	77	77	4502758
10180bt	Escherichia_coli_strain_USML2_complete_genome	genome	+	NZ_CP011124.1	t_nt_shob_ohsc_sr	NaN - rows are merged	blastn	NaN - rows are merged	2179130	2179210	81	1	81	81	4502758
11854bat	Escherichia_coli_strain_W2_5_chromosome_complete_genome	genome	-	NZ_CP032989.1	at_nt_shob_ohsc_sr	NaN - rows are merged	blastn	NaN - rows are merged	1339843	1339767	77	1	77	77	4914512
1348bt	Escherichia_coli_strain_W2_5_chromosome_complete_genome	genome	+	NZ_CP032989.1	t_pro_shob_ohsc_sr	NaN - rows are merged	tblastn	NaN - rows are merged	1340166	1340243	78	1	26	26	4914512
10179bt	Escherichia_coli_strain_W2_5_chromosome_complete_genome	genome	+	NZ_CP032989.1	t_nt_shob_ohsc_sr	NaN - rows are merged	blastn	NaN - rows are merged	1340166	1340246	81	1	81	81	4914512
11853bat	Escherichia_coli_strain_W5_6_chromosome_complete_genome	genome	-	NZ_CP032992.1	at_nt_shob_ohsc_sr	NaN - rows are merged	blastn	NaN - rows are merged	1149675	1149599	77	1	77	77	4638901
10178bt	Escherichia_coli_strain_W5_6_chromosome_complete_genome	genome	+	NZ_CP032992.1	t_nt_shob_ohsc_sr	NaN - rows are merged	blastn	NaN - rows are merged	1149998	1150078	81	1	81	81	4638901
10177bt	Escherichia_coli_strain_WAT_complete_genome	genome	-	NZ_CP012380.1	t_nt_shob_ohsc_sr	NaN - rows are merged	blastn	NaN - rows are merged	2815059	2814979	81	1	81	81	4847481
1402bt	Escherichia_coli_strain_WAT_complete_genome	genome	-	NZ_CP012380.1	t_pro_shob_ohsc_sr	NaN - rows are merged	tblastn	NaN - rows are merged	2815059	2814982	78	1	26	26	4847481
10121bat	Escherichia_coli_strain_WAT_complete_genome	genome	+	NZ_CP012380.1	at_nt_shob_ohsc_sr	NaN - rows are merged	blastn	NaN - rows are merged	2815382	2815458	77	1	77	77	4847481
10082bt	Escherichia_coli_strain_WB61_chromosome_complete_genome	genome	-	NZ_CP020025.1	t_nt_shob_ohsc_sr	NaN - rows are merged	blastn	NaN - rows are merged	3325675	3325595	81	1	81	81	4687045
11565bat	Escherichia_coli_strain_WB61_chromosome_complete_genome	genome	+	NZ_CP020025.1	at_nt_shob_ohsc_sr	NaN - rows are merged	blastn	NaN - rows are merged	3326010	3326076	67	1	67	67	4687045
1259bt	Escherichia_coli_strain_WCHEC000837_chromosome_complete_genome	genome	-	NZ_CP032879.1	t_pro_shob_ohsc_sr	NaN - rows are merged	tblastn	NaN - rows are merged	1566330	1566253	78	1	26	26	5094619
10477bt	Escherichia_coli_strain_WCHEC000837_chromosome_complete_genome	genome	-	NZ_CP032879.1	t_nt_shob_ohsc_sr	NaN - rows are merged	blastn	NaN - rows are merged	1566330	1566250	81	1	81	81	5094619
10535bat	Escherichia_coli_strain_WCHEC000837_chromosome_complete_genome	genome	+	NZ_CP032879.1	at_nt_shob_ohsc_sr	NaN - rows are merged	blastn	NaN - rows are merged	1566653	1566729	77	1	77	77	5094619
11851bat	Escherichia_coli_strain_WCHEC005237_chromosome_complete_genome	genome	-	NZ_CP026580.2	at_nt_shob_ohsc_sr	NaN - rows are merged	blastn	NaN - rows are merged	1265365	1265289	77	1	77	77	4833062
10176bt	Escherichia_coli_strain_WCHEC005237_chromosome_complete_genome	genome	+	NZ_CP026580.2	t_nt_shob_ohsc_sr	NaN - rows are merged	blastn	NaN - rows are merged	1265688	1265768	81	1	81	81	4833062
1414bt	Escherichia_coli_strain_WCHEC005237_chromosome_complete_genome	genome	+	NZ_CP026580.2	t_pro_shob_ohsc_sr	NaN - rows are merged	tblastn	NaN - rows are merged	1265688	1265765	78	1	26	26	4833062
11734bat	Escherichia_coli_strain_WCHEC005784_chromosome_complete_genome	genome	-	NZ_CP028578.2	at_nt_shob_ohsc_sr	NaN - rows are merged	blastn	NaN - rows are merged	1172055	1171979	77	1	77	77	4812358
10476bt	Escherichia_coli_strain_WCHEC005784_chromosome_complete_genome	genome	+	NZ_CP028578.2	t_nt_shob_ohsc_sr	NaN - rows are merged	blastn	NaN - rows are merged	1172378	1172458	81	1	81	81	4812358
1430bt	Escherichia_coli_strain_WCHEC005784_chromosome_complete_genome	genome	+	NZ_CP028578.2	t_pro_shob_ohsc_sr	NaN - rows are merged	tblastn	NaN - rows are merged	1172378	1172455	78	1	26	26	4812358
11850bat	Escherichia_coli_strain_WCHEC020031_chromosome_complete_genome	genome	-	NZ_CP033401.1	at_nt_shob_ohsc_sr	NaN - rows are merged	blastn	NaN - rows are merged	30795	30719	77	1	77	77	4750764
1473bt	Escherichia_coli_strain_WCHEC020031_chromosome_complete_genome	genome	+	NZ_CP033401.1	t_pro_shob_ohsc_sr	NaN - rows are merged	tblastn	NaN - rows are merged	31118	31195	78	1	26	26	4750764
10175bt	Escherichia_coli_strain_WCHEC020031_chromosome_complete_genome	genome	+	NZ_CP033401.1	t_nt_shob_ohsc_sr	NaN - rows are merged	blastn	NaN - rows are merged	31118	31198	81	1	81	81	4750764
11849bat	Escherichia_coli_strain_WCHEC020032_chromosome_complete_genome	genome	-	NZ_CP034966.1	at_nt_shob_ohsc_sr	NaN - rows are merged	blastn	NaN - rows are merged	1225722	1225646	77	1	77	77	4686461
10174bt	Escherichia_coli_strain_WCHEC020032_chromosome_complete_genome	genome	+	NZ_CP034966.1	t_nt_shob_ohsc_sr	NaN - rows are merged	blastn	NaN - rows are merged	1226045	1226125	81	1	81	81	4686461
1001bt	Escherichia_coli_strain_WCHEC020032_chromosome_complete_genome	genome	+	NZ_CP034966.1	t_pro_shob_ohsc_sr	NaN - rows are merged	tblastn	NaN - rows are merged	1226045	1226122	78	1	26	26	4686461
11848bat	Escherichia_coli_strain_WCHEC025943_chromosome_complete_genome	genome	-	NZ_CP027205.2	at_nt_shob_ohsc_sr	NaN - rows are merged	blastn	NaN - rows are merged	1242574	1242498	77	1	77	77	4817293
10173bt	Escherichia_coli_strain_WCHEC025943_chromosome_complete_genome	genome	+	NZ_CP027205.2	t_nt_shob_ohsc_sr	NaN - rows are merged	blastn	NaN - rows are merged	1242897	1242977	81	1	81	81	4817293
1427bt	Escherichia_coli_strain_WCHEC025943_chromosome_complete_genome	genome	+	NZ_CP027205.2	t_pro_shob_ohsc_sr	NaN - rows are merged	tblastn	NaN - rows are merged	1242897	1242974	78	1	26	26	4817293
11847bat	Escherichia_coli_strain_WCHEC025970_chromosome_complete_genome	genome	-	NZ_CP036177.1	at_nt_shob_ohsc_sr	NaN - rows are merged	blastn	NaN - rows are merged	1251809	1251733	77	1	77	77	4794992
1450bt	Escherichia_coli_strain_WCHEC025970_chromosome_complete_genome	genome	+	NZ_CP036177.1	t_pro_shob_ohsc_sr	NaN - rows are merged	tblastn	NaN - rows are merged	1252132	1252209	78	1	26	26	4794992
10172bt	Escherichia_coli_strain_WCHEC025970_chromosome_complete_genome	genome	+	NZ_CP036177.1	t_nt_shob_ohsc_sr	NaN - rows are merged	blastn	NaN - rows are merged	1252132	1252212	81	1	81	81	4794992
11846bat	Escherichia_coli_strain_WCHEC035053S1G0_chromosome_complete_genome	genome	-	NZ_CP034595.1	at_nt_shob_ohsc_sr	NaN - rows are merged	blastn	NaN - rows are merged	1041558	1041482	77	1	77	77	4685200
10171bt	Escherichia_coli_strain_WCHEC035053S1G0_chromosome_complete_genome	genome	+	NZ_CP034595.1	t_nt_shob_ohsc_sr	NaN - rows are merged	blastn	NaN - rows are merged	1041881	1041961	81	1	81	81	4685200
1003bt	Escherichia_coli_strain_WCHEC035053S1G0_chromosome_complete_genome	genome	+	NZ_CP034595.1	t_pro_shob_ohsc_sr	NaN - rows are merged	tblastn	NaN - rows are merged	1041881	1041958	78	1	26	26	4685200
11845bat	Escherichia_coli_strain_WCHEC035148_chromosome_complete_genome	genome	-	NZ_CP029369.1	at_nt_shob_ohsc_sr	NaN - rows are merged	blastn	NaN - rows are merged	1238782	1238706	77	1	77	77	4695840
10170bt	Escherichia_coli_strain_WCHEC035148_chromosome_complete_genome	genome	+	NZ_CP029369.1	t_nt_shob_ohsc_sr	NaN - rows are merged	blastn	NaN - rows are merged	1239105	1239185	81	1	81	81	4695840
1032bt	Escherichia_coli_strain_WCHEC035148_chromosome_complete_genome	genome	+	NZ_CP029369.1	t_pro_shob_ohsc_sr	NaN - rows are merged	tblastn	NaN - rows are merged	1239105	1239182	78	1	26	26	4695840
11844bat	Escherichia_coli_strain_WCHEC050613_chromosome_complete_genome	genome	-	NZ_CP019213.2	at_nt_shob_ohsc_sr	NaN - rows are merged	blastn	NaN - rows are merged	1152741	1152665	77	1	77	77	4670066
10169bt	Escherichia_coli_strain_WCHEC050613_chromosome_complete_genome	genome	+	NZ_CP019213.2	t_nt_shob_ohsc_sr	NaN - rows are merged	blastn	NaN - rows are merged	1153064	1153144	81	1	81	81	4670066
1012bt	Escherichia_coli_strain_WCHEC050613_chromosome_complete_genome	genome	+	NZ_CP019213.2	t_pro_shob_ohsc_sr	NaN - rows are merged	tblastn	NaN - rows are merged	1153064	1153141	78	1	26	26	4670066
11733bat	Escherichia_coli_strain_WCHEC4533_chromosome_complete_genome	genome	-	NZ_CP028589.1	at_nt_shob_ohsc_sr	NaN - rows are merged	blastn	NaN - rows are merged	1259776	1259700	77	1	77	77	5099973
10475bt	Escherichia_coli_strain_WCHEC4533_chromosome_complete_genome	genome	+	NZ_CP028589.1	t_nt_shob_ohsc_sr	NaN - rows are merged	blastn	NaN - rows are merged	1260099	1260179	81	1	81	81	5099973
1255bt	Escherichia_coli_strain_WCHEC4533_chromosome_complete_genome	genome	+	NZ_CP028589.1	t_pro_shob_ohsc_sr	NaN - rows are merged	tblastn	NaN - rows are merged	1260099	1260176	78	1	26	26	5099973
11732bat	Escherichia_coli_strain_WCHEC96200_chromosome_complete_genome	genome	-	NZ_CP022229.2	at_nt_shob_ohsc_sr	NaN - rows are merged	blastn	NaN - rows are merged	4318697	4318621	77	1	77	77	5051244
10474bt	Escherichia_coli_strain_WCHEC96200_chromosome_complete_genome	genome	+	NZ_CP022229.2	t_nt_shob_ohsc_sr	NaN - rows are merged	blastn	NaN - rows are merged	4319020	4319100	81	1	81	81	5051244
1278bt	Escherichia_coli_strain_WCHEC96200_chromosome_complete_genome	genome	+	NZ_CP022229.2	t_pro_shob_ohsc_sr	NaN - rows are merged	tblastn	NaN - rows are merged	4319020	4319097	78	1	26	26	5051244
11842bat	Escherichia_coli_strain_Y5_complete_genome	genome	-	NZ_CP013483.1	at_nt_shob_ohsc_sr	NaN - rows are merged	blastn	NaN - rows are merged	1680379	1680303	77	1	77	77	4839266
10167bt	Escherichia_coli_strain_Y5_complete_genome	genome	+	NZ_CP013483.1	t_nt_shob_ohsc_sr	NaN - rows are merged	blastn	NaN - rows are merged	1680702	1680782	81	1	81	81	4839266
1407bt	Escherichia_coli_strain_Y5_complete_genome	genome	+	NZ_CP013483.1	t_pro_shob_ohsc_sr	NaN - rows are merged	tblastn	NaN - rows are merged	1680702	1680779	78	1	26	26	4839266
1391bt	Escherichia_coli_strain_YD786_complete_genome	genome	-	NZ_CP013112.1	t_pro_shob_ohsc_sr	NaN - rows are merged	tblastn	NaN - rows are merged	2292339	2292262	78	1	26	26	4863501
10166bt	Escherichia_coli_strain_YD786_complete_genome	genome	-	NZ_CP013112.1	t_nt_shob_ohsc_sr	NaN - rows are merged	blastn	NaN - rows are merged	2292339	2292259	81	1	81	81	4863501
10110bat	Escherichia_coli_strain_YD786_complete_genome	genome	+	NZ_CP013112.1	at_nt_shob_ohsc_sr	NaN - rows are merged	blastn	NaN - rows are merged	2292662	2292738	77	1	77	77	4863501
1224bt	Escherichia_coli_strain_Z1002_chromosome_complete_genome	genome	-	NZ_CP021202.1	t_pro_shob_ohsc_sr	NaN - rows are merged	tblastn	NaN - rows are merged	4409024	4408947	78	1	26	26	5177498
10473bt	Escherichia_coli_strain_Z1002_chromosome_complete_genome	genome	-	NZ_CP021202.1	t_nt_shob_ohsc_sr	NaN - rows are merged	blastn	NaN - rows are merged	4409024	4408944	81	1	81	81	5177498
10531bat	Escherichia_coli_strain_Z1002_chromosome_complete_genome	genome	+	NZ_CP021202.1	at_nt_shob_ohsc_sr	NaN - rows are merged	blastn	NaN - rows are merged	4409347	4409423	77	1	77	77	5177498
11988bt	Escherichia_coli_strain_ZH063_complete_genome	genome	-	NZ_CP014522.1	t_nt_shob_ohsc_sr	NaN - rows are merged	blastn	NaN - rows are merged	2846773	2846693	81	1	81	81	5033359
11620bat	Escherichia_coli_strain_ZH063_complete_genome	genome	+	NZ_CP014522.1	at_nt_shob_ohsc_sr	NaN - rows are merged	blastn	NaN - rows are merged	2847108	2847173	66	1	67	67	5033359
11987bt	Escherichia_coli_strain_ZH193_complete_genome	genome	-	NZ_CP014497.1	t_nt_shob_ohsc_sr	NaN - rows are merged	blastn	NaN - rows are merged	2878856	2878776	81	1	81	81	5046610
11619bat	Escherichia_coli_strain_ZH193_complete_genome	genome	+	NZ_CP014497.1	at_nt_shob_ohsc_sr	NaN - rows are merged	blastn	NaN - rows are merged	2879191	2879256	66	1	67	67	5046610
10378bt	Escherichia_coli_strain_cq9_chromosome_complete_genome	genome	-	NZ_CP031546.1	t_nt_shob_ohsc_sr	NaN - rows are merged	blastn	NaN - rows are merged	3707690	3707610	81	1	81	81	5184499
1223bt	Escherichia_coli_strain_cq9_chromosome_complete_genome	genome	-	NZ_CP031546.1	t_pro_shob_ohsc_sr	NaN - rows are merged	tblastn	NaN - rows are merged	3707690	3707613	78	1	26	26	5184499
10298bat	Escherichia_coli_strain_cq9_chromosome_complete_genome	genome	+	NZ_CP031546.1	at_nt_shob_ohsc_sr	NaN - rows are merged	blastn	NaN - rows are merged	3708013	3708089	77	1	77	77	5184499
11995bt	Escherichia_coli_strain_strain_Z247_chromosome_complete_genome	genome	-	NZ_CP021207.1	t_nt_shob_ohsc_sr	NaN - rows are merged	blastn	NaN - rows are merged	1733898	1733818	81	1	81	81	5013813
11632bat	Escherichia_coli_strain_strain_Z247_chromosome_complete_genome	genome	+	NZ_CP021207.1	at_nt_shob_ohsc_sr	NaN - rows are merged	blastn	NaN - rows are merged	1734233	1734298	66	1	67	67	5013813
11857bat	Escherichia_coli_strain_tolC_chromosome_complete_genome	genome	-	NZ_CP018801.1	at_nt_shob_ohsc_sr	NaN - rows are merged	blastn	NaN - rows are merged	1185748	1185672	77	1	77	77	4792200
1454bt	Escherichia_coli_strain_tolC_chromosome_complete_genome	genome	+	NZ_CP018801.1	t_pro_shob_ohsc_sr	NaN - rows are merged	tblastn	NaN - rows are merged	1186071	1186148	78	1	26	26	4792200
10182bt	Escherichia_coli_strain_tolC_chromosome_complete_genome	genome	+	NZ_CP018801.1	t_nt_shob_ohsc_sr	NaN - rows are merged	blastn	NaN - rows are merged	1186071	1186151	81	1	81	81	4792200
11990bt	Escherichia_coli_strain_uk_P46212_complete_sequence	genome	-	NZ_CP013658.1	t_nt_shob_ohsc_sr	NaN - rows are merged	blastn	NaN - rows are merged	1916477	1916397	81	1	81	81	5106662
11627bat	Escherichia_coli_strain_uk_P46212_complete_sequence	genome	+	NZ_CP013658.1	at_nt_shob_ohsc_sr	NaN - rows are merged	blastn	NaN - rows are merged	1916812	1916877	66	1	67	67	5106662
13096bat	Escherichia_fergusonii_ATCC_35469_chromosome_complete_genome	genome	-	NC_011740.1	at_nt_shob_ohsc_sr	NaN - rows are merged	blastn	NaN - rows are merged	511033	510968	66	1	66	66	4588711
10972bt	Escherichia_fergusonii_ATCC_35469_chromosome_complete_genome	genome	+	NC_011740.1	t_nt_shob_ohsc_sr	NaN - rows are merged	blastn	NaN - rows are merged	511367	511447	81	1	81	81	4588711
1541bt	Escherichia_fergusonii_ATCC_35469_chromosome_complete_genome	genome	+	NC_011740.1	t_pro_shob_ohsc_sr	NaN - rows are merged	tblastn	NaN - rows are merged	511367	511444	78	1	26	26	4588711
10061bat	Escherichia_fergusonii_ECD227_chromosome_whole_genome_shotgun_sequence	chromosome	-	NZ_CM001142.1	at_nt_shob_ohsc_sr	NaN - rows are merged	blastn	NaN - rows are merged	523145	523070	76	1	66	66	4509864
10943bt	Escherichia_fergusonii_ECD227_chromosome_whole_genome_shotgun_sequence	chromosome	+	NZ_CM001142.1	t_nt_shob_ohsc_sr	NaN - rows are merged	blastn	NaN - rows are merged	523469	523549	81	1	81	81	4509864
1140bt	Escherichia_fergusonii_ECD227_chromosome_whole_genome_shotgun_sequence	chromosome	+	NZ_CM001142.1	t_pro_shob_ohsc_sr	NaN - rows are merged	tblastn	NaN - rows are merged	523469	523546	78	1	26	26	4509864
10154bt	Shigella_boydii_CDC_3083_94_complete_genome	genome	-	NC_010658.1	t_nt_shob_ohsc_sr	NaN - rows are merged	blastn	NaN - rows are merged	2735311	2735231	81	1	81	81	4615997
10099bat	Shigella_boydii_CDC_3083_94_complete_genome	genome	+	NC_010658.1	at_nt_shob_ohsc_sr	NaN - rows are merged	blastn	NaN - rows are merged	2735634	2735710	77	1	77	77	4615997
10153bt	Shigella_boydii_Sb227_complete_genome	genome	-	NC_007613.1	t_nt_shob_ohsc_sr	NaN - rows are merged	blastn	NaN - rows are merged	2597276	2597196	81	1	81	81	4519823
10098bat	Shigella_boydii_Sb227_complete_genome	genome	+	NC_007613.1	at_nt_shob_ohsc_sr	NaN - rows are merged	blastn	NaN - rows are merged	2597599	2597675	77	1	77	77	4519823
14280bat	Shigella_boydii_strain_54_1621_chromosome_complete_genome	genome	-	NZ_CP026810.1	at_nt_shob_ohsc_sr	NaN - rows are merged	blastn	NaN - rows are merged	904295	904220	76	2	64	64	4531304
10152bt	Shigella_boydii_strain_54_1621_chromosome_complete_genome	genome	+	NZ_CP026810.1	t_nt_shob_ohsc_sr	NaN - rows are merged	blastn	NaN - rows are merged	904618	904698	81	1	81	81	4531304
10151bt	Shigella_boydii_strain_59_248_chromosome_complete_genome	genome	-	NZ_CP026766.1	t_nt_shob_ohsc_sr	NaN - rows are merged	blastn	NaN - rows are merged	1283951	1283871	81	1	81	81	4678058
1008bt	Shigella_boydii_strain_59_248_chromosome_complete_genome	genome	-	NZ_CP026766.1	t_pro_shob_ohsc_sr	NaN - rows are merged	tblastn	NaN - rows are merged	1283951	1283874	78	1	26	26	4678058
10097bat	Shigella_boydii_strain_59_248_chromosome_complete_genome	genome	+	NZ_CP026766.1	at_nt_shob_ohsc_sr	NaN - rows are merged	blastn	NaN - rows are merged	1284274	1284350	77	1	77	77	4678058
2041bt	Shigella_boydii_strain_59_2708_chromosome_complete_genome	genome	-	NZ_CP026846.1	t_pro_shob_ohsc_sr	NaN - rows are merged	tblastn	NaN - rows are merged	3745985	3745908	78	1	26	26	4856857
10567bat	Shigella_boydii_strain_59_2708_chromosome_complete_genome	genome	+	NZ_CP026846.1	at_nt_shob_ohsc_sr	NaN - rows are merged	blastn	NaN - rows are merged	3746308	3746383	76	1	76	76	4856857
10150bt	Shigella_boydii_strain_83_578_chromosome_complete_genome	genome	-	NZ_CP026814.1	t_nt_shob_ohsc_sr	NaN - rows are merged	blastn	NaN - rows are merged	583921	583841	81	1	81	81	4580582
10096bat	Shigella_boydii_strain_83_578_chromosome_complete_genome	genome	+	NZ_CP026814.1	at_nt_shob_ohsc_sr	NaN - rows are merged	blastn	NaN - rows are merged	584244	584320	77	1	77	77	4580582
10083bat	Shigella_boydii_strain_ATCC_12027_chromosome	chromosome	-	NZ_CP026866.1	at_nt_shob_ohsc_sr	NaN - rows are merged	blastn	NaN - rows are merged	319137	319061	77	2	66	66	4680268
10891bt	Shigella_boydii_strain_ATCC_12027_chromosome	chromosome	+	NZ_CP026866.1	t_nt_shob_ohsc_sr	NaN - rows are merged	blastn	NaN - rows are merged	319460	319540	81	1	81	81	4680268
1127bt	Shigella_boydii_strain_ATCC_12027_chromosome	chromosome	+	NZ_CP026866.1	t_pro_shob_ohsc_sr	NaN - rows are merged	tblastn	NaN - rows are merged	319460	319537	78	1	26	26	4680268
2040bt	Shigella_boydii_strain_ATCC_35964_chromosome_complete_genome	genome	-	NZ_CP026877.1	t_pro_shob_ohsc_sr	NaN - rows are merged	tblastn	NaN - rows are merged	2065641	2065564	78	1	26	26	5129092
10095bat	Shigella_boydii_strain_ATCC_35964_chromosome_complete_genome	genome	+	NZ_CP026877.1	at_nt_shob_ohsc_sr	NaN - rows are merged	blastn	NaN - rows are merged	2065964	2066040	77	1	77	77	5129092
11825bat	Shigella_boydii_strain_ATCC_49812_chromosome_complete_genome	genome	-	NZ_CP026836.1	at_nt_shob_ohsc_sr	NaN - rows are merged	blastn	NaN - rows are merged	4805242	4805166	77	1	77	77	5106737
2540bt	Shigella_boydii_strain_ATCC_49812_chromosome_complete_genome	genome	+	NZ_CP026836.1	t_pro_shob_ohsc_sr	NaN - rows are merged	tblastn	NaN - rows are merged	4805565	4805642	78	1	26	26	5106737
12241bat	Shigella_boydii_strain_ATCC_8700_chromosome_complete_genome	genome	-	NZ_CP026731.1	at_nt_shob_ohsc_sr	NaN - rows are merged	blastn	NaN - rows are merged	2001824	2001749	76	1	76	76	4414429
10149bt	Shigella_boydii_strain_ATCC_8700_chromosome_complete_genome	genome	+	NZ_CP026731.1	t_nt_shob_ohsc_sr	NaN - rows are merged	blastn	NaN - rows are merged	2002147	2002227	81	1	81	81	4414429
10148bt	Shigella_boydii_strain_ATCC_9210_complete_genome	genome	-	NZ_CP011511.1	t_nt_shob_ohsc_sr	NaN - rows are merged	blastn	NaN - rows are merged	2645944	2645864	81	1	81	81	4574246
10093bat	Shigella_boydii_strain_ATCC_9210_complete_genome	genome	+	NZ_CP011511.1	at_nt_shob_ohsc_sr	NaN - rows are merged	blastn	NaN - rows are merged	2646267	2646343	77	1	77	77	4574246
11823bat	Shigella_boydii_strain_ATCC_BAA_1247_chromosome_complete_genome	genome	-	NZ_CP026795.1	at_nt_shob_ohsc_sr	NaN - rows are merged	blastn	NaN - rows are merged	677564	677488	77	1	77	77	4575738
10147bt	Shigella_boydii_strain_ATCC_BAA_1247_chromosome_complete_genome	genome	+	NZ_CP026795.1	t_nt_shob_ohsc_sr	NaN - rows are merged	blastn	NaN - rows are merged	677887	677967	81	1	81	81	4575738
10146bt	Shigella_boydii_strain_NCTC_9353_chromosome_complete_genome	genome	-	NZ_CP026797.1	t_nt_shob_ohsc_sr	NaN - rows are merged	blastn	NaN - rows are merged	1999571	1999491	81	1	81	81	4488529
11560bat	Shigella_boydii_strain_NCTC_9353_chromosome_complete_genome	genome	+	NZ_CP026797.1	at_nt_shob_ohsc_sr	NaN - rows are merged	blastn	NaN - rows are merged	1999894	1999968	75	1	76	76	4488529
10082bat	Shigella_boydii_strain_NCTC_9734_chromosome	chromosome	-	NZ_CP026875.1	at_nt_shob_ohsc_sr	NaN - rows are merged	blastn	NaN - rows are merged	2053804	2053728	77	2	66	66	5164076
10890bt	Shigella_boydii_strain_NCTC_9734_chromosome	chromosome	+	NZ_CP026875.1	t_nt_shob_ohsc_sr	NaN - rows are merged	blastn	NaN - rows are merged	2054127	2054207	81	1	81	81	5164076
1096bt	Shigella_boydii_strain_NCTC_9734_chromosome	chromosome	+	NZ_CP026875.1	t_pro_shob_ohsc_sr	NaN - rows are merged	tblastn	NaN - rows are merged	2054127	2054204	78	1	26	26	5164076
10145bt	Shigella_boydii_strain_NCTC_9850_chromosome_complete_genome	genome	-	NZ_CP026762.1	t_nt_shob_ohsc_sr	NaN - rows are merged	blastn	NaN - rows are merged	2357447	2357367	81	1	81	81	4575797
10091bat	Shigella_boydii_strain_NCTC_9850_chromosome_complete_genome	genome	+	NZ_CP026762.1	at_nt_shob_ohsc_sr	NaN - rows are merged	blastn	NaN - rows are merged	2357770	2357846	77	1	77	77	4575797
10144bt	Shigella_dysenteriae_strain_2017C_4522_chromosome_complete_genome	genome	-	NZ_CP026805.1	t_nt_shob_ohsc_sr	NaN - rows are merged	blastn	NaN - rows are merged	1754855	1754775	81	1	81	81	4609265
10566bat	Shigella_dysenteriae_strain_2017C_4522_chromosome_complete_genome	genome	+	NZ_CP026805.1	at_nt_shob_ohsc_sr	NaN - rows are merged	blastn	NaN - rows are merged	1755177	1755252	76	1	76	76	4609265
11819bat	Shigella_dysenteriae_strain_204_96_chromosome_complete_genome	genome	-	NZ_CP026807.1	at_nt_shob_ohsc_sr	NaN - rows are merged	blastn	NaN - rows are merged	10435	10359	77	1	77	77	4800156
10143bt	Shigella_dysenteriae_strain_204_96_chromosome_complete_genome	genome	+	NZ_CP026807.1	t_nt_shob_ohsc_sr	NaN - rows are merged	blastn	NaN - rows are merged	10758	10838	81	1	81	81	4800156
1443bt	Shigella_dysenteriae_strain_204_96_chromosome_complete_genome	genome	+	NZ_CP026807.1	t_pro_shob_ohsc_sr	NaN - rows are merged	tblastn	NaN - rows are merged	10758	10835	78	1	26	26	4800156
14276bat	Shigella_dysenteriae_strain_93_119_chromosome_complete_genome	genome	-	NZ_CP026815.1	at_nt_shob_ohsc_sr	NaN - rows are merged	blastn	NaN - rows are merged	1059435	1059360	76	2	64	64	4799750
1444bt	Shigella_dysenteriae_strain_93_119_chromosome_complete_genome	genome	+	NZ_CP026815.1	t_pro_shob_ohsc_sr	NaN - rows are merged	tblastn	NaN - rows are merged	1059758	1059835	78	1	26	26	4799750
10142bt	Shigella_dysenteriae_strain_93_119_chromosome_complete_genome	genome	+	NZ_CP026815.1	t_nt_shob_ohsc_sr	NaN - rows are merged	blastn	NaN - rows are merged	1059758	1059838	81	1	81	81	4799750
10141bt	Shigella_dysenteriae_strain_96_265_chromosome_complete_genome	genome	-	NZ_CP026819.1	t_nt_shob_ohsc_sr	NaN - rows are merged	blastn	NaN - rows are merged	2541011	2540931	81	1	81	81	4744419
1479bt	Shigella_dysenteriae_strain_96_265_chromosome_complete_genome	genome	-	NZ_CP026819.1	t_pro_shob_ohsc_sr	NaN - rows are merged	tblastn	NaN - rows are merged	2541011	2540934	78	1	26	26	4744419
10089bat	Shigella_dysenteriae_strain_96_265_chromosome_complete_genome	genome	+	NZ_CP026819.1	at_nt_shob_ohsc_sr	NaN - rows are merged	blastn	NaN - rows are merged	2541334	2541410	77	1	77	77	4744419
14275bat	Shigella_dysenteriae_strain_96_3162_chromosome_complete_genome	genome	-	NZ_CP026823.1	at_nt_shob_ohsc_sr	NaN - rows are merged	blastn	NaN - rows are merged	3424972	3424897	76	2	64	64	4804763
10140bt	Shigella_dysenteriae_strain_96_3162_chromosome_complete_genome	genome	+	NZ_CP026823.1	t_nt_shob_ohsc_sr	NaN - rows are merged	blastn	NaN - rows are merged	3425295	3425375	81	1	81	81	4804763
1438bt	Shigella_dysenteriae_strain_96_3162_chromosome_complete_genome	genome	+	NZ_CP026823.1	t_pro_shob_ohsc_sr	NaN - rows are merged	tblastn	NaN - rows are merged	3425295	3425372	78	1	26	26	4804763
11814bat	Shigella_dysenteriae_strain_ATCC_12037_chromosome_complete_genome	genome	-	NZ_CP026828.1	at_nt_shob_ohsc_sr	NaN - rows are merged	blastn	NaN - rows are merged	1952416	1952340	77	1	77	77	4642274
10139bt	Shigella_dysenteriae_strain_ATCC_12037_chromosome_complete_genome	genome	+	NZ_CP026828.1	t_nt_shob_ohsc_sr	NaN - rows are merged	blastn	NaN - rows are merged	1952739	1952819	81	1	81	81	4642274
13065bat	Shigella_dysenteriae_strain_ATCC_12039_chromosome_complete_genome	genome	-	NZ_CP026831.1	at_nt_shob_ohsc_sr	NaN - rows are merged	blastn	NaN - rows are merged	898367	898301	67	1	66	66	4880735
10472bt	Shigella_dysenteriae_strain_ATCC_12039_chromosome_complete_genome	genome	+	NZ_CP026831.1	t_nt_shob_ohsc_sr	NaN - rows are merged	blastn	NaN - rows are merged	898702	898782	81	1	81	81	4880735
1376bt	Shigella_dysenteriae_strain_ATCC_12039_chromosome_complete_genome	genome	+	NZ_CP026831.1	t_pro_shob_ohsc_sr	NaN - rows are merged	tblastn	NaN - rows are merged	898702	898779	78	1	26	26	4880735
10138bt	Shigella_dysenteriae_strain_ATCC_49346_chromosome_complete_genome	genome	-	NZ_CP026832.1	t_nt_shob_ohsc_sr	NaN - rows are merged	blastn	NaN - rows are merged	3445090	3445010	81	1	81	81	4619326
10087bat	Shigella_dysenteriae_strain_ATCC_49346_chromosome_complete_genome	genome	+	NZ_CP026832.1	at_nt_shob_ohsc_sr	NaN - rows are merged	blastn	NaN - rows are merged	3445413	3445489	77	1	77	77	4619326
10137bt	Shigella_dysenteriae_strain_ATCC_49347_chromosome_complete_genome	genome	-	NZ_CP026834.1	t_nt_shob_ohsc_sr	NaN - rows are merged	blastn	NaN - rows are merged	1622622	1622542	81	1	81	81	4684535
1004bt	Shigella_dysenteriae_strain_ATCC_49347_chromosome_complete_genome	genome	-	NZ_CP026834.1	t_pro_shob_ohsc_sr	NaN - rows are merged	tblastn	NaN - rows are merged	1622622	1622545	78	1	26	26	4684535
10086bat	Shigella_dysenteriae_strain_ATCC_49347_chromosome_complete_genome	genome	+	NZ_CP026834.1	at_nt_shob_ohsc_sr	NaN - rows are merged	blastn	NaN - rows are merged	1622945	1623021	77	1	77	77	4684535
10136bt	Shigella_dysenteriae_strain_ATCC_9751_chromosome_complete_genome	genome	-	NZ_CP026825.1	t_nt_shob_ohsc_sr	NaN - rows are merged	blastn	NaN - rows are merged	4366324	4366244	81	1	81	81	4699491
1026bt	Shigella_dysenteriae_strain_ATCC_9751_chromosome_complete_genome	genome	-	NZ_CP026825.1	t_pro_shob_ohsc_sr	NaN - rows are merged	tblastn	NaN - rows are merged	4366324	4366247	78	1	26	26	4699491
10563bat	Shigella_dysenteriae_strain_ATCC_9751_chromosome_complete_genome	genome	+	NZ_CP026825.1	at_nt_shob_ohsc_sr	NaN - rows are merged	blastn	NaN - rows are merged	4366647	4366722	76	1	76	76	4699491
11810bat	Shigella_dysenteriae_strain_ATCC_9752_chromosome_complete_genome	genome	-	NZ_CP026839.1	at_nt_shob_ohsc_sr	NaN - rows are merged	blastn	NaN - rows are merged	1391258	1391182	77	1	77	77	4273636
10135bt	Shigella_dysenteriae_strain_ATCC_9752_chromosome_complete_genome	genome	+	NZ_CP026839.1	t_nt_shob_ohsc_sr	NaN - rows are merged	blastn	NaN - rows are merged	1391581	1391661	81	1	81	81	4273636
11809bat	Shigella_dysenteriae_strain_ATCC_9753_chromosome_complete_genome	genome	-	NZ_CP026840.1	at_nt_shob_ohsc_sr	NaN - rows are merged	blastn	NaN - rows are merged	841443	841367	77	1	77	77	4716399
10134bt	Shigella_dysenteriae_strain_ATCC_9753_chromosome_complete_genome	genome	+	NZ_CP026840.1	t_nt_shob_ohsc_sr	NaN - rows are merged	blastn	NaN - rows are merged	841766	841846	81	1	81	81	4716399
1012bt	Shigella_dysenteriae_strain_ATCC_9753_chromosome_complete_genome	genome	+	NZ_CP026840.1	t_pro_shob_ohsc_sr	NaN - rows are merged	tblastn	NaN - rows are merged	841766	841843	78	1	26	26	4716399
10133bt	Shigella_dysenteriae_strain_ATCC_9754_chromosome_complete_genome	genome	-	NZ_CP026842.1	t_nt_shob_ohsc_sr	NaN - rows are merged	blastn	NaN - rows are merged	2894555	2894475	81	1	81	81	4588477
11559bat	Shigella_dysenteriae_strain_ATCC_9754_chromosome_complete_genome	genome	+	NZ_CP026842.1	at_nt_shob_ohsc_sr	NaN - rows are merged	blastn	NaN - rows are merged	2894878	2894952	75	1	76	76	4588477
10126bat	Shigella_dysenteriae_strain_ATCC_9764_chromosome	chromosome	-	NZ_CP026872.1	at_nt_shob_ohsc_sr	NaN - rows are merged	blastn	NaN - rows are merged	4132096	4132021	76	2	66	66	4711198
1123bt	Shigella_dysenteriae_strain_ATCC_9764_chromosome	chromosome	+	NZ_CP026872.1	t_pro_shob_ohsc_sr	NaN - rows are merged	tblastn	NaN - rows are merged	4132419	4132496	78	1	26	26	4711198
10889bt	Shigella_dysenteriae_strain_ATCC_9764_chromosome	chromosome	+	NZ_CP026872.1	t_nt_shob_ohsc_sr	NaN - rows are merged	blastn	NaN - rows are merged	4132419	4132499	81	1	81	81	4711198
10041bat	Shigella_dysenteriae_strain_CFSAN010956_chromosome_complete_genome	genome	-	NZ_CP026827.1	at_nt_shob_ohsc_sr	NaN - rows are merged	blastn	NaN - rows are merged	342654	342578	77	1	77	77	4558619
10132bt	Shigella_dysenteriae_strain_CFSAN010956_chromosome_complete_genome	genome	+	NZ_CP026827.1	t_nt_shob_ohsc_sr	NaN - rows are merged	blastn	NaN - rows are merged	342977	343057	81	1	81	81	4558619
1285bt	Shigella_dysenteriae_strain_E670_74_chromosome_complete_genome	genome	-	NZ_CP027027.1	t_pro_shob_ohsc_sr	NaN - rows are merged	tblastn	NaN - rows are merged	4602966	4602889	78	1	26	26	5036586
10083bat	Shigella_dysenteriae_strain_E670_74_chromosome_complete_genome	genome	+	NZ_CP027027.1	at_nt_shob_ohsc_sr	NaN - rows are merged	blastn	NaN - rows are merged	4603279	4603355	77	1	77	77	5036586
11805bat	Shigella_flexneri_1a_strain_0228_complete_genome	genome	-	NZ_CP012735.1	at_nt_shob_ohsc_sr	NaN - rows are merged	blastn	NaN - rows are merged	2242628	2242552	77	1	77	77	4698633
10131bt	Shigella_flexneri_1a_strain_0228_complete_genome	genome	+	NZ_CP012735.1	t_nt_shob_ohsc_sr	NaN - rows are merged	blastn	NaN - rows are merged	2242951	2243031	81	1	81	81	4698633
1027bt	Shigella_flexneri_1a_strain_0228_complete_genome	genome	+	NZ_CP012735.1	t_pro_shob_ohsc_sr	NaN - rows are merged	tblastn	NaN - rows are merged	2242951	2243028	78	1	26	26	4698633
11804bat	Shigella_flexneri_1a_strain_0670_chromosome_complete_genome	genome	-	NZ_CP020086.1	at_nt_shob_ohsc_sr	NaN - rows are merged	blastn	NaN - rows are merged	1719335	1719259	77	1	77	77	4623260
10130bt	Shigella_flexneri_1a_strain_0670_chromosome_complete_genome	genome	+	NZ_CP020086.1	t_nt_shob_ohsc_sr	NaN - rows are merged	blastn	NaN - rows are merged	1719658	1719738	81	1	81	81	4623260
10129bt	Shigella_flexneri_1c_strain_Y394_chromosome_complete_genome	genome	-	NZ_CP020753.1	t_nt_shob_ohsc_sr	NaN - rows are merged	blastn	NaN - rows are merged	2719960	2719880	81	1	81	81	4584634
10080bat	Shigella_flexneri_1c_strain_Y394_chromosome_complete_genome	genome	+	NZ_CP020753.1	at_nt_shob_ohsc_sr	NaN - rows are merged	blastn	NaN - rows are merged	2720283	2720359	77	1	77	77	4584634
10128bt	Shigella_flexneri_2002017_complete_genome	genome	-	NC_017328.1	t_nt_shob_ohsc_sr	NaN - rows are merged	blastn	NaN - rows are merged	2735102	2735022	81	1	81	81	4650856
10079bat	Shigella_flexneri_2002017_complete_genome	genome	+	NC_017328.1	at_nt_shob_ohsc_sr	NaN - rows are merged	blastn	NaN - rows are merged	2735425	2735501	77	1	77	77	4650856
10127bt	Shigella_flexneri_2003036_complete_genome	genome	-	NZ_CP004056.1	t_nt_shob_ohsc_sr	NaN - rows are merged	blastn	NaN - rows are merged	2699304	2699224	81	1	81	81	4595814
10078bat	Shigella_flexneri_2003036_complete_genome	genome	+	NZ_CP004056.1	at_nt_shob_ohsc_sr	NaN - rows are merged	blastn	NaN - rows are merged	2699627	2699703	77	1	77	77	4595814
10126bt	Shigella_flexneri_2a_str_2457T_complete_genome	genome	-	NC_004741.1	t_nt_shob_ohsc_sr	NaN - rows are merged	blastn	NaN - rows are merged	2690857	2690777	81	1	81	81	4599354
10077bat	Shigella_flexneri_2a_str_2457T_complete_genome	genome	+	NC_004741.1	at_nt_shob_ohsc_sr	NaN - rows are merged	blastn	NaN - rows are merged	2691180	2691256	77	1	77	77	4599354
10125bt	Shigella_flexneri_2a_str_301_chromosome_complete_genome	genome	-	NC_004337.2	t_nt_shob_ohsc_sr	NaN - rows are merged	blastn	NaN - rows are merged	2697412	2697332	81	1	81	81	4607202
1066bat	Shigella_flexneri_2a_str_301_chromosome_complete_genome	genome	+	NC_004337.2	at_nt_shob_ohsc_sr	NaN - rows are merged	blastn	NaN - rows are merged	2697735	2697811	77	1	77	77	4607202
10124bt	Shigella_flexneri_2a_strain_981_complete_genome	genome	-	NZ_CP012137.1	t_nt_shob_ohsc_sr	NaN - rows are merged	blastn	NaN - rows are merged	2739627	2739547	81	1	81	81	4661157
1016bt	Shigella_flexneri_2a_strain_981_complete_genome	genome	-	NZ_CP012137.1	t_pro_shob_ohsc_sr	NaN - rows are merged	tblastn	NaN - rows are merged	2739627	2739550	78	1	26	26	4661157
10076bat	Shigella_flexneri_2a_strain_981_complete_genome	genome	+	NZ_CP012137.1	at_nt_shob_ohsc_sr	NaN - rows are merged	blastn	NaN - rows are merged	2739950	2740026	77	1	77	77	4661157
11798bat	Shigella_flexneri_2a_strain_ATCC_29903_chromosome_complete_genome	genome	-	NZ_CP026788.1	at_nt_shob_ohsc_sr	NaN - rows are merged	blastn	NaN - rows are merged	4253533	4253457	77	1	77	77	4659463
10123bt	Shigella_flexneri_2a_strain_ATCC_29903_chromosome_complete_genome	genome	+	NZ_CP026788.1	t_nt_shob_ohsc_sr	NaN - rows are merged	blastn	NaN - rows are merged	4253856	4253936	81	1	81	81	4659463
1020bt	Shigella_flexneri_2a_strain_ATCC_29903_chromosome_complete_genome	genome	+	NZ_CP026788.1	t_pro_shob_ohsc_sr	NaN - rows are merged	tblastn	NaN - rows are merged	4253856	4253933	78	1	26	26	4659463
10122bt	Shigella_flexneri_4c_strain_0702_chromosome_complete_genome	genome	-	NZ_CP020339.1	t_nt_shob_ohsc_sr	NaN - rows are merged	blastn	NaN - rows are merged	2010716	2010636	81	1	81	81	4646872
10074bat	Shigella_flexneri_4c_strain_0702_chromosome_complete_genome	genome	+	NZ_CP020339.1	at_nt_shob_ohsc_sr	NaN - rows are merged	blastn	NaN - rows are merged	2011039	2011115	77	1	77	77	4646872
10121bt	Shigella_flexneri_4c_strain_1602_chromosome_complete_genome	genome	-	NZ_CP020336.1	t_nt_shob_ohsc_sr	NaN - rows are merged	blastn	NaN - rows are merged	2839389	2839309	81	1	81	81	4661857
1015bt	Shigella_flexneri_4c_strain_1602_chromosome_complete_genome	genome	-	NZ_CP020336.1	t_pro_shob_ohsc_sr	NaN - rows are merged	tblastn	NaN - rows are merged	2839389	2839312	78	1	26	26	4661857
10073bat	Shigella_flexneri_4c_strain_1602_chromosome_complete_genome	genome	+	NZ_CP020336.1	at_nt_shob_ohsc_sr	NaN - rows are merged	blastn	NaN - rows are merged	2839712	2839788	77	1	77	77	4661857
10120bt	Shigella_flexneri_5_str_8401_complete_genome	genome	-	NC_008258.1	t_nt_shob_ohsc_sr	NaN - rows are merged	blastn	NaN - rows are merged	2693893	2693813	81	1	81	81	4574284
10072bat	Shigella_flexneri_5_str_8401_complete_genome	genome	+	NC_008258.1	at_nt_shob_ohsc_sr	NaN - rows are merged	blastn	NaN - rows are merged	2694216	2694292	77	1	77	77	4574284
10888bt	Shigella_flexneri_5a_str_M90T_chromosome_whole_genome_shotgun_sequence	chromosome	-	NZ_CM001474.1	t_nt_shob_ohsc_sr	NaN - rows are merged	blastn	NaN - rows are merged	2698692	2698612	81	1	81	81	4580866
1132bt	Shigella_flexneri_5a_str_M90T_chromosome_whole_genome_shotgun_sequence	chromosome	-	NZ_CM001474.1	t_pro_shob_ohsc_sr	NaN - rows are merged	tblastn	NaN - rows are merged	2698692	2698615	78	1	26	26	4580866
10200bat	Shigella_flexneri_5a_str_M90T_chromosome_whole_genome_shotgun_sequence	chromosome	+	NZ_CM001474.1	at_nt_shob_ohsc_sr	NaN - rows are merged	blastn	NaN - rows are merged	2699015	2699091	77	1	77	77	4580866
10119bt	Shigella_flexneri_7b_strain_94_3007_chromosome_complete_genome	genome	-	NZ_CP024473.1	t_nt_shob_ohsc_sr	NaN - rows are merged	blastn	NaN - rows are merged	148805	148725	81	1	81	81	4533699
10071bat	Shigella_flexneri_7b_strain_94_3007_chromosome_complete_genome	genome	+	NZ_CP024473.1	at_nt_shob_ohsc_sr	NaN - rows are merged	blastn	NaN - rows are merged	149128	149204	77	1	77	77	4533699
10118bt	Shigella_flexneri_G1663_complete_genome	genome	-	NZ_CP007037.1	t_nt_shob_ohsc_sr	NaN - rows are merged	blastn	NaN - rows are merged	2694876	2694796	81	1	81	81	4594725
10070bat	Shigella_flexneri_G1663_complete_genome	genome	+	NZ_CP007037.1	at_nt_shob_ohsc_sr	NaN - rows are merged	blastn	NaN - rows are merged	2695199	2695275	77	1	77	77	4594725
10117bt	Shigella_flexneri_Shi06HN006_complete_genome	genome	-	NZ_CP004057.1	t_nt_shob_ohsc_sr	NaN - rows are merged	blastn	NaN - rows are merged	2723085	2723005	81	1	81	81	4620903
10069bat	Shigella_flexneri_Shi06HN006_complete_genome	genome	+	NZ_CP004057.1	at_nt_shob_ohsc_sr	NaN - rows are merged	blastn	NaN - rows are merged	2723408	2723484	77	1	77	77	4620903
11777bat	Shigella_flexneri_Y_strain_93_3063_chromosome_complete_genome	genome	-	NZ_CP026768.1	at_nt_shob_ohsc_sr	NaN - rows are merged	blastn	NaN - rows are merged	4357682	4357606	77	1	77	77	4628330
10101bt	Shigella_flexneri_Y_strain_93_3063_chromosome_complete_genome	genome	+	NZ_CP026768.1	t_nt_shob_ohsc_sr	NaN - rows are merged	blastn	NaN - rows are merged	4358005	4358085	81	1	81	81	4628330
10116bt	Shigella_flexneri_genome_assembly_NCTC1_chromosome__1	genome	-	NZ_LM651928.1	t_nt_shob_ohsc_sr	NaN - rows are merged	blastn	NaN - rows are merged	2659137	2659057	81	1	81	81	4526576
10068bat	Shigella_flexneri_genome_assembly_NCTC1_chromosome__1	genome	+	NZ_LM651928.1	at_nt_shob_ohsc_sr	NaN - rows are merged	blastn	NaN - rows are merged	2659460	2659536	77	1	77	77	4526576
10115bt	Shigella_flexneri_strain_04_3145_chromosome_complete_genome	genome	-	NZ_CP026765.1	t_nt_shob_ohsc_sr	NaN - rows are merged	blastn	NaN - rows are merged	3031949	3031869	81	1	81	81	4571921
10067bat	Shigella_flexneri_strain_04_3145_chromosome_complete_genome	genome	+	NZ_CP026765.1	at_nt_shob_ohsc_sr	NaN - rows are merged	blastn	NaN - rows are merged	3032272	3032348	77	1	77	77	4571921
1008bt	Shigella_flexneri_strain_2016AM_0877_chromosome_complete_genome	genome	-	NZ_CP033510.1	t_pro_shob_ohsc_sr	NaN - rows are merged	tblastn	NaN - rows are merged	951974	951897	78	1	26	26	4719160
10114bt	Shigella_flexneri_strain_2016AM_0877_chromosome_complete_genome	genome	-	NZ_CP033510.1	t_nt_shob_ohsc_sr	NaN - rows are merged	blastn	NaN - rows are merged	951974	951894	81	1	81	81	4719160
10066bat	Shigella_flexneri_strain_2016AM_0877_chromosome_complete_genome	genome	+	NZ_CP033510.1	at_nt_shob_ohsc_sr	NaN - rows are merged	blastn	NaN - rows are merged	952297	952373	77	1	77	77	4719160
11788bat	Shigella_flexneri_strain_61_4982_chromosome_complete_genome	genome	-	NZ_CP026792.1	at_nt_shob_ohsc_sr	NaN - rows are merged	blastn	NaN - rows are merged	1417794	1417718	77	1	77	77	4631337
10113bt	Shigella_flexneri_strain_61_4982_chromosome_complete_genome	genome	+	NZ_CP026792.1	t_nt_shob_ohsc_sr	NaN - rows are merged	blastn	NaN - rows are merged	1418117	1418197	81	1	81	81	4631337
11787bat	Shigella_flexneri_strain_64_5500_chromosome_complete_genome	genome	-	NZ_CP026811.1	at_nt_shob_ohsc_sr	NaN - rows are merged	blastn	NaN - rows are merged	4391009	4390933	77	1	77	77	4659714
10112bt	Shigella_flexneri_strain_64_5500_chromosome_complete_genome	genome	+	NZ_CP026811.1	t_nt_shob_ohsc_sr	NaN - rows are merged	blastn	NaN - rows are merged	4391332	4391412	81	1	81	81	4659714
1018bt	Shigella_flexneri_strain_64_5500_chromosome_complete_genome	genome	+	NZ_CP026811.1	t_pro_shob_ohsc_sr	NaN - rows are merged	tblastn	NaN - rows are merged	4391332	4391409	78	1	26	26	4659714
10080bat	Shigella_flexneri_strain_73_5612_chromosome	chromosome	-	NZ_CP026871.1	at_nt_shob_ohsc_sr	NaN - rows are merged	blastn	NaN - rows are merged	2745679	2745603	77	2	66	66	4490253
10887bt	Shigella_flexneri_strain_73_5612_chromosome	chromosome	+	NZ_CP026871.1	t_nt_shob_ohsc_sr	NaN - rows are merged	blastn	NaN - rows are merged	2746002	2746082	81	1	81	81	4490253
1138bt	Shigella_flexneri_strain_73_5612_chromosome	chromosome	+	NZ_CP026871.1	t_pro_shob_ohsc_sr	NaN - rows are merged	tblastn	NaN - rows are merged	2746002	2746079	78	1	26	26	4490253
10111bt	Shigella_flexneri_strain_74_1170_chromosome_complete_genome	genome	-	NZ_CP026793.1	t_nt_shob_ohsc_sr	NaN - rows are merged	blastn	NaN - rows are merged	609639	609559	81	1	81	81	4733503
1000bt	Shigella_flexneri_strain_74_1170_chromosome_complete_genome	genome	-	NZ_CP026793.1	t_pro_shob_ohsc_sr	NaN - rows are merged	tblastn	NaN - rows are merged	609639	609562	78	1	26	26	4733503
10063bat	Shigella_flexneri_strain_74_1170_chromosome_complete_genome	genome	+	NZ_CP026793.1	at_nt_shob_ohsc_sr	NaN - rows are merged	blastn	NaN - rows are merged	609962	610038	77	1	77	77	4733503
11785bat	Shigella_flexneri_strain_89_141_chromosome_complete_genome	genome	-	NZ_CP026803.1	at_nt_shob_ohsc_sr	NaN - rows are merged	blastn	NaN - rows are merged	666295	666219	77	1	77	77	4481548
10110bt	Shigella_flexneri_strain_89_141_chromosome_complete_genome	genome	+	NZ_CP026803.1	t_nt_shob_ohsc_sr	NaN - rows are merged	blastn	NaN - rows are merged	666618	666698	81	1	81	81	4481548
10886bt	Shigella_flexneri_strain_95_3008_chromosome	chromosome	-	NZ_CP026772.1	t_nt_shob_ohsc_sr	NaN - rows are merged	blastn	NaN - rows are merged	1243154	1243074	81	1	81	81	4516480
1137bt	Shigella_flexneri_strain_95_3008_chromosome	chromosome	-	NZ_CP026772.1	t_pro_shob_ohsc_sr	NaN - rows are merged	tblastn	NaN - rows are merged	1243154	1243077	78	1	26	26	4516480
10248bat	Shigella_flexneri_strain_95_3008_chromosome	chromosome	+	NZ_CP026772.1	at_nt_shob_ohsc_sr	NaN - rows are merged	blastn	NaN - rows are merged	1243477	1243552	76	1	77	77	4516480
11784bat	Shigella_flexneri_strain_98_3193_chromosome_complete_genome	genome	-	NZ_CP026776.1	at_nt_shob_ohsc_sr	NaN - rows are merged	blastn	NaN - rows are merged	4120723	4120647	77	1	77	77	4508802
10109bt	Shigella_flexneri_strain_98_3193_chromosome_complete_genome	genome	+	NZ_CP026776.1	t_nt_shob_ohsc_sr	NaN - rows are merged	blastn	NaN - rows are merged	4121046	4121126	81	1	81	81	4508802
11783bat	Shigella_flexneri_strain_AUSMDU00008332_genome_assembly_chromosome_1	genome	-	NZ_LR213455.1	at_nt_shob_ohsc_sr	NaN - rows are merged	blastn	NaN - rows are merged	1278262	1278186	77	1	77	77	4633147
10108bt	Shigella_flexneri_strain_AUSMDU00008332_genome_assembly_chromosome_1	genome	+	NZ_LR213455.1	t_nt_shob_ohsc_sr	NaN - rows are merged	blastn	NaN - rows are merged	1278585	1278665	81	1	81	81	4633147
11782bat	Shigella_flexneri_strain_AUSMDU00008355_genome_assembly_chromosome_1	genome	-	NZ_LR213452.1	at_nt_shob_ohsc_sr	NaN - rows are merged	blastn	NaN - rows are merged	1121204	1121128	77	1	77	77	4463322
10107bt	Shigella_flexneri_strain_AUSMDU00008355_genome_assembly_chromosome_1	genome	+	NZ_LR213452.1	t_nt_shob_ohsc_sr	NaN - rows are merged	blastn	NaN - rows are merged	1121527	1121607	81	1	81	81	4463322
1023bt	Shigella_flexneri_strain_FC906_chromosome_complete_genome	genome	-	NZ_CP037996.1	t_pro_shob_ohsc_sr	NaN - rows are merged	tblastn	NaN - rows are merged	4059953	4059876	78	1	26	26	4655489
10106bt	Shigella_flexneri_strain_FC906_chromosome_complete_genome	genome	-	NZ_CP037996.1	t_nt_shob_ohsc_sr	NaN - rows are merged	blastn	NaN - rows are merged	4059953	4059873	81	1	81	81	4655489
11613bat	Shigella_flexneri_strain_FC906_chromosome_complete_genome	genome	+	NZ_CP037996.1	at_nt_shob_ohsc_sr	NaN - rows are merged	blastn	NaN - rows are merged	4060288	4060353	66	1	67	67	4655489
11781bat	Shigella_flexneri_strain_FDAARGOS_535_chromosome_complete_genome	genome	-	NZ_CP034060.1	at_nt_shob_ohsc_sr	NaN - rows are merged	blastn	NaN - rows are merged	1475209	1475133	77	1	77	77	4586233
10105bt	Shigella_flexneri_strain_FDAARGOS_535_chromosome_complete_genome	genome	+	NZ_CP034060.1	t_nt_shob_ohsc_sr	NaN - rows are merged	blastn	NaN - rows are merged	1475532	1475612	81	1	81	81	4586233
11780bat	Shigella_flexneri_strain_FDAARGOS_74_chromosome_complete_genome	genome	-	NZ_CP026098.1	at_nt_shob_ohsc_sr	NaN - rows are merged	blastn	NaN - rows are merged	1487772	1487696	77	1	77	77	4576448
10104bt	Shigella_flexneri_strain_FDAARGOS_74_chromosome_complete_genome	genome	+	NZ_CP026098.1	t_nt_shob_ohsc_sr	NaN - rows are merged	blastn	NaN - rows are merged	1488095	1488175	81	1	81	81	4576448
11779bat	Shigella_flexneri_strain_NCTC_9728_chromosome_complete_genome	genome	-	NZ_CP026799.1	at_nt_shob_ohsc_sr	NaN - rows are merged	blastn	NaN - rows are merged	1014847	1014771	77	1	77	77	4511010
10103bt	Shigella_flexneri_strain_NCTC_9728_chromosome_complete_genome	genome	+	NZ_CP026799.1	t_nt_shob_ohsc_sr	NaN - rows are merged	blastn	NaN - rows are merged	1015170	1015250	81	1	81	81	4511010
10102bt	Shigella_flexneri_strain_SFL1520_chromosome_complete_genome	genome	-	NZ_CP032513.1	t_nt_shob_ohsc_sr	NaN - rows are merged	blastn	NaN - rows are merged	2724255	2724175	81	1	81	81	4575536
10055bat	Shigella_flexneri_strain_SFL1520_chromosome_complete_genome	genome	+	NZ_CP032513.1	at_nt_shob_ohsc_sr	NaN - rows are merged	blastn	NaN - rows are merged	2724578	2724654	77	1	77	77	4575536
10100bt	Shigella_sonnei_strain_866_chromosome_complete_genome	genome	-	NZ_CP022672.1	t_nt_shob_ohsc_sr	NaN - rows are merged	blastn	NaN - rows are merged	3610290	3610210	81	1	81	81	4849628
1065bt	Shigella_sonnei_strain_866_chromosome_complete_genome	genome	-	NZ_CP022672.1	t_pro_shob_ohsc_sr	NaN - rows are merged	tblastn	NaN - rows are merged	3610290	3610213	78	1	26	26	4849628
10053bat	Shigella_sonnei_strain_866_chromosome_complete_genome	genome	+	NZ_CP022672.1	at_nt_shob_ohsc_sr	NaN - rows are merged	blastn	NaN - rows are merged	3610415	3610491	77	1	77	77	4849628
10099bt	Shigella_sonnei_strain_AR_0030_chromosome_complete_genome	genome	-	NZ_CP032523.1	t_nt_shob_ohsc_sr	NaN - rows are merged	blastn	NaN - rows are merged	94346	94266	81	1	81	81	5032769
1063bt	Shigella_sonnei_strain_AR_0030_chromosome_complete_genome	genome	-	NZ_CP032523.1	t_pro_shob_ohsc_sr	NaN - rows are merged	tblastn	NaN - rows are merged	94346	94269	78	1	26	26	5032769
10052bat	Shigella_sonnei_strain_AR_0030_chromosome_complete_genome	genome	+	NZ_CP032523.1	at_nt_shob_ohsc_sr	NaN - rows are merged	blastn	NaN - rows are merged	94471	94547	77	1	77	77	5032769
10098bt	Shigella_sonnei_strain_AUSMDU00008333_genome_assembly_chromosome_1	genome	-	NZ_LR213458.1	t_nt_shob_ohsc_sr	NaN - rows are merged	blastn	NaN - rows are merged	3709601	3709521	81	1	81	81	4722057
1067bt	Shigella_sonnei_strain_AUSMDU00008333_genome_assembly_chromosome_1	genome	-	NZ_LR213458.1	t_pro_shob_ohsc_sr	NaN - rows are merged	tblastn	NaN - rows are merged	3709601	3709524	78	1	26	26	4722057
10051bat	Shigella_sonnei_strain_AUSMDU00008333_genome_assembly_chromosome_1	genome	+	NZ_LR213458.1	at_nt_shob_ohsc_sr	NaN - rows are merged	blastn	NaN - rows are merged	3709726	3709802	77	1	77	77	4722057
11773bat	Shigella_sonnei_strain_FDAARGOS_524_chromosome_complete_genome	genome	-	NZ_CP034067.1	at_nt_shob_ohsc_sr	NaN - rows are merged	blastn	NaN - rows are merged	3028914	3028838	77	1	77	77	4828074
10097bt	Shigella_sonnei_strain_FDAARGOS_524_chromosome_complete_genome	genome	+	NZ_CP034067.1	t_nt_shob_ohsc_sr	NaN - rows are merged	blastn	NaN - rows are merged	3029039	3029119	81	1	81	81	4828074
1066bt	Shigella_sonnei_strain_FDAARGOS_524_chromosome_complete_genome	genome	+	NZ_CP034067.1	t_pro_shob_ohsc_sr	NaN - rows are merged	tblastn	NaN - rows are merged	3029039	3029116	78	1	26	26	4828074
11772bat	Shigella_sonnei_strain_FDAARGOS_90_complete_genome	genome	-	NZ_CP014099.2	at_nt_shob_ohsc_sr	NaN - rows are merged	blastn	NaN - rows are merged	1663	1587	77	1	77	77	4878943
10096bt	Shigella_sonnei_strain_FDAARGOS_90_complete_genome	genome	+	NZ_CP014099.2	t_nt_shob_ohsc_sr	NaN - rows are merged	blastn	NaN - rows are merged	1788	1868	81	1	81	81	4878943
1064bt	Shigella_sonnei_strain_FDAARGOS_90_complete_genome	genome	+	NZ_CP014099.2	t_pro_shob_ohsc_sr	NaN - rows are merged	tblastn	NaN - rows are merged	1788	1865	78	1	26	26	4878943
10095bt	Shigella_sp_PAMC_28760_chromosome_complete_genome	genome	-	NZ_CP014768.1	t_nt_shob_ohsc_sr	NaN - rows are merged	blastn	NaN - rows are merged	3346923	3346843	81	1	81	81	4558287
10048bat	Shigella_sp_PAMC_28760_chromosome_complete_genome	genome	+	NZ_CP014768.1	at_nt_shob_ohsc_sr	NaN - rows are merged	blastn	NaN - rows are merged	3347246	3347322	77	1	77	77	4558287
